80 150
1 2 313
1 3 553
1 4 1049
1 5 1042
1 6 642
1 7 234
1 8 360
1 9 168
1 10 558
1 11 233
1 12 435
1 13 500
1 14 663
1 15 150
1 16 287
1 17 102
1 18 358
1 19 444
1 20 773
1 21 432
1 22 982
1 23 363
1 24 542
1 25 806
1 26 159
1 27 89
1 28 499
1 29 262
1 30 401
1 31 666
15 32 664
25 33 532
30 34 465
12 35 670
28 36 576
5 37 321
29 38 819
7 39 616
9 40 729
35 41 946
24 42 647
26 43 956
41 44 721
19 45 852
22 46 51
38 47 769
26 48 291
27 49 328
25 50 270
50 51 593
30 52 104
4 53 477
16 54 587
20 55 398
55 56 709
31 57 383
39 58 209
57 59 363
21 60 939
10 61 467
28 62 640
30 63 259
62 64 92
9 65 891
54 66 788
6 67 762
41 68 952
58 69 1017
60 70 536
67 71 761
57 72 962
54 73 507
73 74 1038
68 75 655
29 76 640
57 77 169
35 78 265
54 79 415
50 80 307
51 80 218
52 80 608
53 80 921
54 80 308
55 80 344
56 80 634
57 80 100
58 80 598
59 80 774
60 80 67
61 80 741
62 80 612
63 80 734
64 80 804
65 80 109
66 80 999
67 80 200
68 80 566
69 80 422
70 80 188
71 80 688
72 80 380
73 80 417
74 80 279
75 80 755
76 80 888
77 80 812
78 80 970
79 80 569
19 44 89
77 71 347
23 69 397
67 61 766
44 73 802
4 36 751
74 76 124
67 37 454
72 30 511
31 54 431
70 21 961
27 46 715
66 17 700
57 4 114
57 74 737
33 76 124
37 20 1026
65 7 567
45 28 1041
6 7 925
61 75 640
3 50 1040
14 36 475
42 13 141
2 18 81
34 77 1049
22 34 548
34 47 715
32 12 919
57 44 646
7 54 119
53 55 1025
16 17 1013
71 7 134
79 8 752
2 68 972
28 10 846
72 42 98
71 72 834
19 50 517
49 5 527
25 56 480
