40
75 2 77 55 79 64 47 6 14 73 43 81 38 3 8 31 60 32 91 15 4 67 12 21 20 26 84 60 92 78 4 32 59 53 77 23 39 13 27 77
97 23 20 62 8 56 88 26 35 52 30 100 78 79 66 99 83 88 3 30 43 58 97 20 82 64 96 93 31 19 94 79 47 83 53 43 11 16 36 47
13 40 1 91 20 36 14 96 78 69 96 29 88 44 20 82 64 21 11 41 70 48 10 26 77 80 14 87 94 6 12 63 77 1 64 73 0 58 92 74
52 89 91 3 98 88 76 9 1 99 17 12 23 23 33 80 17 75 45 76 4 60 10 39 86 22 92 3 34 22 23 42 79 99 86 22 49 51 3 89
69 47 17 24 8 25 5 42 32 61 48 11 93 14 66 34 76 74 73 9 93 63 21 52 57 83 40 72 16 0 82 4 14 4 32 63 98 94 58 64
8 64 90 17 12 18 50 4 62 8 7 86 97 73 88 1 12 59 80 61 79 12 29 32 66 91 95 85 12 24 14 42 60 42 0 37 15 26 78 100
32 61 13 0 17 4 14 33 98 78 91 17 14 73 2 47 25 6 54 18 25 73 85 15 27 87 77 33 57 1 100 65 54 52 20 91 81 65 81 35
93 20 25 91 4 71 99 15 72 37 72 59 61 52 68 70 78 23 79 91 95 14 6 43 69 81 71 65 62 20 56 42 1 5 1 48 32 7 52 2
63 50 23 76 98 31 53 38 6 8 27 12 87 42 28 70 97 32 24 100 89 96 99 31 58 79 99 81 81 90 37 66 30 97 0 6 62 39 18 96
33 32 11 24 92 73 33 76 33 73 53 45 39 73 57 28 19 23 61 99 36 33 68 62 83 10 5 60 34 61 30 65 4 17 82 69 71 0 30 89
51 53 43 17 44 91 65 2 72 53 97 29 85 60 96 38 6 6 58 15 45 41 45 13 95 18 55 14 89 25 65 31 100 5 94 7 86 48 51 69
28 14 80 24 15 1 12 41 64 84 90 20 79 80 7 53 3 25 9 43 8 59 25 20 3 45 20 74 98 0 27 87 25 88 45 55 19 97 49 10
94 25 46 96 68 38 52 41 59 59 90 63 97 17 34 69 66 70 51 46 64 59 99 62 29 86 95 10 87 91 75 82 10 95 90 30 100 32 1 83
12 74 2 99 20 26 57 86 65 61 29 23 23 98 57 46 30 54 92 3 12 39 100 87 7 39 94 84 10 37 68 24 44 55 20 97 49 19 98 75
56 82 9 77 62 43 86 34 48 70 67 64 90 3 69 50 53 90 46 88 91 86 53 61 62 23 79 24 54 38 97 34 70 81 64 46 21 83 53 69
27 45 12 46 16 53 71 94 93 59 51 42 80 68 47 30 98 32 78 68 5 30 36 57 17 85 76 43 92 61 21 36 38 23 85 19 91 67 32 35
46 42 24 17 71 33 29 19 11 65 82 35 80 52 37 35 81 7 46 48 16 80 37 69 79 81 4 78 11 29 15 86 13 19 97 55 6 87 68 55
89 41 18 53 50 69 58 52 23 44 86 12 91 100 40 43 74 28 58 33 80 34 27 54 69 51 13 67 83 94 20 13 43 11 79 71 95 52 99 88
83 73 21 58 59 39 57 83 75 7 94 19 99 82 8 41 64 81 32 34 47 75 33 16 12 59 20 55 93 82 95 17 73 52 96 77 21 73 4 54
58 94 24 90 72 82 42 47 26 37 28 10 97 9 43 27 64 0 63 95 22 47 25 12 87 28 62 31 24 34 86 73 29 95 27 17 6 51 50 64
60 29 86 17 82 36 74 58 90 86 91 100 66 42 3 39 90 26 90 54 70 15 97 96 17 50 45 97 8 14 92 82 47 50 7 47 4 50 39 65
8 97 52 98 7 72 86 59 27 54 62 48 11 66 20 27 81 35 82 41 89 2 67 83 44 76 8 64 18 3 42 50 65 48 59 38 30 45 66 27
21 6 77 87 51 92 28 17 1 56 6 87 55 57 12 47 87 63 17 1 26 8 74 59 32 88 89 92 22 84 76 97 68 55 44 13 45 57 83 60
93 51 54 87 22 26 8 49 84 54 78 62 87 32 16 86 8 98 81 49 71 12 89 15 41 60 91 41 0 87 34 96 90 93 20 18 2 65 69 60
24 73 47 20 5 1 40 66 19 89 41 18 64 68 14 24 93 60 54 56 77 59 22 7 55 87 69 75 10 37 51 43 71 26 97 20 43 2 2 84
16 8 37 32 95 91 4 63 48 79 89 12 82 12 75 29 81 69 24 74 65 14 48 61 65 2 12 78 10 75 52 68 77 37 1 41 55 32 46 64
12 23 62 33 79 44 9 34 82 10 76 51 83 76 95 68 22 77 92 78 69 19 27 90 7 85 32 16 38 51 69 56 65 81 56 15 82 7 34 44
1 15 79 63 84 8 64 16 37 1 51 74 34 95 53 70 38 97 89 50 41 11 40 63 63 23 65 23 53 14 44 25 10 19 49 87 90 6 67 52
80 16 15 94 71 15 46 72 28 50 98 53 60 89 65 3 40 5 100 94 11 33 23 91 5 91 70 18 24 74 54 16 98 41 29 31 96 55 8 4
61 55 46 58 94 64 91 93 5 65 83 32 24 92 46 96 7 32 88 76 11 20 16 48 11 80 45 55 79 45 36 23 48 56 88 18 43 27 100 39
47 21 53 14 10 76 77 44 67 77 11 97 77 64 82 78 23 19 35 100 39 75 10 28 26 27 39 5 10 75 17 50 26 77 62 89 42 28 66 83
60 93 15 39 50 32 19 35 8 29 84 73 50 90 2 64 62 79 83 14 99 11 4 24 84 18 76 71 40 48 54 4 89 81 37 83 58 57 36 41
20 61 86 51 33 96 74 22 44 52 63 57 13 51 65 59 35 14 74 49 81 96 74 48 82 73 81 24 33 82 78 16 89 49 56 84 65 55 73 38
91 20 90 68 60 13 37 43 74 14 51 80 89 88 42 98 96 35 11 84 7 55 29 73 18 11 20 86 71 88 40 94 46 92 35 0 48 27 2 65
69 55 14 92 41 97 68 81 12 66 59 100 14 34 15 20 93 49 17 48 30 71 2 15 80 5 37 31 87 29 79 4 67 52 87 84 67 55 49 73
41 97 19 33 91 85 100 63 72 45 1 27 72 42 77 74 90 35 98 52 88 63 24 40 89 4 4 23 47 53 71 94 16 92 49 62 72 80 84 0
90 66 42 53 77 95 70 88 100 86 82 81 63 80 36 44 34 96 17 50 14 37 10 7 0 48 73 89 99 0 10 28 60 60 21 23 79 80 75 19
59 96 18 50 28 41 50 84 79 91 90 73 50 15 31 24 82 97 75 32 8 34 59 35 70 59 35 9 61 5 78 76 44 37 2 18 98 13 41 21
75 39 100 72 91 48 87 100 76 98 8 33 46 79 50 8 87 79 94 49 60 41 50 10 60 13 92 60 91 71 24 15 51 70 41 96 23 58 20 34
23 48 86 55 53 37 41 28 52 15 22 53 64 10 55 23 34 61 6 71 25 99 52 19 12 98 19 66 86 23 63 76 94 77 88 76 74 22 31 70
30
6 3 1 4 3 3 1 2 7 2 3 1 3 1 1 1 4 5 5 6 4 2 1 1 1 1 3 1 1 1
