100 3000
302 97 114 116 559 629 444 865 17 268 716 906 996 396 535 88 920 439 590 989 503 758 485 278 603 386 184 79 73 286 575 374 383 688 841 293 317 284 157 685 904 224 942 251 619 828 339 538 266 280 879 768 389 715 46 343 100 229 421 172 867 995 898 601 35 90 893 703 374 401 387 629 624 328 231 594 508 569 484 773 200 714 893 589 428 290 931 528 870 704 51 736 50 300 336 84 390 580 786 115
-187 300 872 872 495 321 64 209 614 88 760 460 601 159 385 709 822 139 -233 219 49 -33 309 33 636 98 260 305 631 368 846 695 134 -68 566 879 970 880 87 583 433 312 508 33 722 359 208 -242 -37 225 227 262 442 2 545 544 816 -196 -152 446 889 160 140 22 342 172 -100 777 517 237 825 -50 14 799 699 986 157 372 210 370 848 -98 97 755 154 107 298 -31 162 863 -119 516 488 737 788 295 -92 153 72 676
1 2
2 3
3 4
4 5
5 6
6 7
7 8
8 9
9 10
10 11
11 12
12 13
13 14
14 15
15 16
16 17
17 18
18 19
19 20
20 21
21 22
22 23
23 24
24 25
25 26
26 27
27 28
28 29
29 30
30 31
31 32
32 33
33 34
34 35
35 36
36 37
37 38
38 39
39 40
40 41
41 42
42 43
43 44
44 45
45 46
46 47
47 48
48 49
49 50
50 51
51 52
52 53
53 54
54 55
55 56
56 57
57 58
58 59
59 60
60 61
61 62
62 63
63 64
64 65
65 66
66 67
67 68
68 69
69 70
70 71
71 72
72 73
73 74
74 75
75 76
76 77
77 78
78 79
79 80
80 81
81 82
82 83
83 84
84 85
85 86
86 87
87 88
88 89
89 90
90 91
91 92
92 93
93 94
94 95
95 96
96 97
97 98
98 99
99 100
