20 19
248 89 89 89 89 89 89 89 89 89 89 89 89 89 89 248 248 12 248
248 65 34 9 74 29 58 6 87 5 69 27 62 89 9 248 11 12 248
89 27 51 12 31 39 60 78 88 65 66 32 46 89 1 4 9 6 12
248 13 55 68 54 75 19 69 41 22 14 67 83 89 6 10 8 0 12
89 51 24 64 53 88 8 17 49 60 43 13 47 89 6 8 6 2 12
89 13 85 20 49 82 58 8 14 81 23 11 89 7 3 2 11 6 12
89 65 27 6 28 58 47 69 2 70 12 36 89 2 2 5 10 0 12
89 13 25 44 55 39 51 63 29 61 71 89 89 0 1 8 1 5 12
89 59 70 248 58 2 62 41 3 66 89 0 9 2 4 55 7 7 12
201 122 248 135 51 45 35 28 63 89 6 7 5 6 8 55 55 1 12
201 201 30 162 201 3 67 85 11 68 248 2 55 55 55 55 4 9 12
201 58 201 201 201 11 45 80 76 78 89 11 55 11 34 55 9 8 248
158 201 171 201 37 72 33 248 248 12 88 89 54 54 44 42 55 10 248
158 133 248 196 201 201 201 248 248 58 83 89 7 28 24 11 55 9 55
158 62 89 201 131 25 94 248 205 248 248 248 2 41 13 20 1 55 55
158 201 201 160 121 9 248 248 248 248 15 37 46 3 33 21 41 35 55
201 117 36 170 32 128 201 54 5 24 46 0 1 34 5 48 36 41 55
201 133 201 198 155 201 201 55 55 25 1 45 9 20 11 35 37 2 55
201 96 0 59 178 161 201 48 31 248 55 55 33 15 10 9 27 34 55
201 201 201 201 201 201 201 48 44 44 44 55 55 55 55 55 55 55 55
