2
800 6000
24 43 63 91 104 154 164 185 186 266 273 298 299 303 393 398 442 562 652 686 757 764 842 844 868 886 894 944 998 1012 1050 1055 1105 1159 1163 1214 1373 1382 1429 1440 1472 1541 1563 1572 1574 1607 1661 1700 1813 1847 1886 1920 1933 1968 1973 2112 2132 2209 2236 2301 2325 2340 2359 2369 2396 2476 2480 2530 2668 2693 2766 2896 2906 2930 2940 2973 2987 3000 3083 3117 3200 3228 3246 3394 3396 3487 3490 3527 3528 3540 3585 3728 3755 3761 3781 3804 3850 3867 3877 3992 4061 4075 4088 4102 4218 4227 4235 4244 4367 4414 4549 4560 4563 4610 4653 4653 4681 4687 4700 4705 4720 4781 4852 4881 5040 5059 5079 5122 5136 5136 5155 5268 5321 5322 5323 5397 5417 5431 5432 5451 5452 5457 5473 5488 5492 5547 5596 5629 5633 5639 5672 5715 5733 5746 5759 5771 5772 5776 5795 5811 5872 5875 5889 5936 5956 5995 6003 6003 6008 6137 6166 6184 6231 6367 6417 6501 6509 6523 6526 6548 6548 6666 6669 6806 6835 6839 6844 6874 7035 7170 7214 7242 7273 7312 7319 7455 7585 7586 7596 7653 7772 7804 7807 7811 7816 7847 7946 7967 8003 8007 8068 8162 8200 8219 8240 8290 8304 8327 8362 8364 8371 8373 8559 8680 8682 8764 8803 8826 8886 8967 8974 9037 9054 9100 9106 9209 9235 9303 9323 9400 9494 9580 9611 9615 9716 9717 9745 9794 9795 9821 9829 9974 9974 9986 10019 10027 10034 10040 10110 10119 10178 10194 10196 10228 10249 10259 10283 10284 10381 10489 10679 10681 10706 10785 10867 10874 10933 10937 10961 11034 11061 11078 11138 11193 11336 11373 11376 11458 11486 11511 11524 11531 11586 11610 11615 11751 11924 11948 11990 11992 12024 12110 12121 12128 12166 12267 12328 12341 12405 12459 12501 12661 12720 12755 12805 12819 12878 12935 12947 12951 12952 12957 12977 13003 13013 13031 13089 13117 13130 13151 13190 13286 13309 13315 13452 13462 13502 13503 13547 13565 13605 13661 13663 13671 13704 13754 13799 13827 13831 13996 14045 14079 14098 14140 14209 14280 14299 14356 14358 14374 14429 14675 14704 14756 14770 14771 14806 14810 14887 15007 15009 15059 15074 15095 15113 15146 15173 15200 15243 15255 15269 15325 15402 15436 15436 15483 15487 15587 15590 15599 15602 15604 15606 15618 15622 15624 15633 15659 15690 15714 15804 15813 15820 15865 15898 15900 15980 16047 16057 16088 16192 16261 16261 16312 16326 16382 16462 16467 16629 16666 16693 16754 16779 16794 16814 16872 16878 17019 17041 17041 17053 17066 17173 17318 17336 17362 17506 17569 17582 17587 17620 17741 17743 17749 17751 17829 17853 17856 17937 17958 17990 18032 18036 18044 18074 18098 18335 18418 18429 18476 18539 18554 18593 18619 18635 18638 18691 18835 18878 18909 18931 18946 18960 19028 19220 19227 19257 19281 19390 19416 19454 19505 19520 19557 19644 19673 19722 19785 19911 19981 20047 20068 20113 20154 20195 20234 20245 20263 20319 20337 20350 20358 20364 20484 20782 20804 20879 20881 20887 20905 20974 21017 21083 21120 21149 21154 21178 21413 21488 21490 21505 21509 21513 21537 21689 21692 21703 21746 21797 21834 21847 21863 21871 21899 21910 21914 22017 22025 22091 22092 22120 22221 22223 22264 22296 22345 22349 22350 22460 22516 22517 22517 22525 22554 22627 22693 22745 22810 22897 22922 22980 23037 23047 23122 23164 23207 23296 23336 23414 23487 23524 23570 23597 23609 23716 23768 23787 23798 23816 23818 23849 23941 24028 24045 24099 24260 24310 24329 24351 24527 24568 24569 24647 24684 24718 24750 24792 24796 24796 24812 24813 24828 24834 24838 24952 25030 25058 25061 25121 25133 25204 25219 25246 25248 25375 25424 25446 25465 25492 25542 25585 25598 25694 25715 25722 25735 25747 25762 25808 25833 25867 25891 25935 25958 25997 26005 26016 26071 26080 26113 26137 26202 26216 26229 26240 26241 26271 26366 26386 26422 26512 26605 26695 26730 26910 26940 26972 26975 27028 27041 27084 27105 27156 27173 27349 27365 27408 27412 27417 27418 27429 27480 27517 27614 27714 27722 27722 27724 27738 27745 27798 27851 27879 27907 27915 27939 27983 27997 28004 28051 28080 28120 28192 28282 28394 28406 28418 28419 28428 28438 28446 28464 28478 28624 28677 28736 28764 28868 28909 28921 28943 28982 29000 29001 29052 29069 29082 29118 29187 29237 29367 29392 29408 29479 29560 29652 29698 29799 29821 29862 29870 29903 29933 29938 29949 29979 29985 30085 30109 30117 30163 30205 30226 30269 30276 30300 30310 30314 30317 30330 30332 30409 30422 30472 30485 30661 30701 30786 30825 30845 30925 30927 30944 31008 31030 31106 31169 31255 31299 31329 31405 31438 31464 31500 31546 31572 31612 31614 31627 31741 31807 31860 31865 31867 31959 32108 32216 32254 32279 32382 32385 32391 32438 32539 32600 32611 32643 32731 32742 32756
1 2 22
1 3 41
2 4 61
3 5 90
4 6 102
5 7 154
6 8 164
7 9 185
8 10 185
9 11 266
10 12 273
11 13 298
12 14 298
13 15 303
14 16 393
15 17 397
16 18 441
17 19 560
18 20 652
19 21 684
20 22 756
21 23 762
22 24 842
23 25 843
24 26 866
25 27 886
26 28 893
27 29 943
28 30 997
29 31 1010
30 32 1048
31 33 1055
32 34 1105
33 35 1158
34 36 1162
35 37 1213
36 38 1372
37 39 1381
38 40 1428
39 41 1439
40 42 1471
41 43 1539
42 44 1563
43 45 1571
44 46 1573
45 47 1607
46 48 1659
47 49 1699
48 50 1811
49 51 1845
50 52 1886
51 53 1919
52 54 1933
53 55 1966
54 56 1973
55 57 2111
56 58 2131
57 59 2207
58 60 2236
59 61 2301
60 62 2324
61 63 2340
62 64 2357
63 65 2367
64 66 2394
65 67 2474
66 68 2479
67 69 2529
68 70 2668
69 71 2692
70 72 2764
71 73 2895
72 74 2906
73 75 2930
74 76 2939
75 77 2971
76 78 2985
77 79 3000
78 80 3082
79 81 3117
80 82 3200
81 83 3227
82 84 3244
83 85 3394
84 86 3395
85 87 3485
86 88 3488
87 89 3525
88 90 3527
89 91 3538
90 92 3585
91 93 3728
92 94 3754
93 95 3760
94 96 3781
95 97 3802
96 98 3848
97 99 3865
98 100 3876
99 101 3992
100 102 4059
101 103 4073
102 104 4086
103 105 4100
104 106 4216
105 107 4226
106 108 4235
107 109 4244
108 110 4366
109 111 4413
110 112 4549
111 113 4559
112 114 4562
113 115 4608
114 116 4652
115 117 4652
116 118 4679
117 119 4687
118 120 4698
119 121 4703
120 122 4720
121 123 4780
122 124 4850
123 125 4880
124 126 5040
125 127 5057
126 128 5078
127 129 5122
128 130 5136
129 131 5135
130 132 5155
131 133 5267
132 134 5321
133 135 5322
134 136 5321
135 137 5395
136 138 5416
137 139 5431
138 140 5430
139 141 5449
140 142 5451
141 143 5455
142 144 5473
143 145 5488
144 146 5492
145 147 5545
146 148 5594
147 149 5627
148 150 5633
149 151 5638
150 152 5670
151 153 5714
152 154 5731
153 155 5746
154 156 5758
155 157 5771
156 158 5770
157 159 5776
158 160 5795
159 161 5810
160 162 5871
161 163 5873
162 164 5889
163 165 5935
164 166 5954
165 167 5994
166 168 6001
167 169 6001
168 170 6007
169 171 6136
170 172 6165
171 173 6182
172 174 6230
173 175 6366
174 176 6417
175 177 6501
176 178 6507
177 179 6521
178 180 6526
179 181 6547
180 182 6546
181 183 6664
182 184 6667
183 185 6804
184 186 6835
185 187 6839
186 188 6843
187 189 6873
188 190 7035
189 191 7168
190 192 7213
191 193 7240
192 194 7271
193 195 7310
194 196 7317
195 197 7454
196 198 7584
197 199 7584
198 200 7595
199 201 7652
200 202 7770
201 203 7802
202 204 7807
203 205 7811
204 206 7814
205 207 7846
206 208 7946
207 209 7967
208 210 8003
209 211 8005
210 212 8068
211 213 8161
212 214 8198
213 215 8217
214 216 8238
215 217 8289
216 218 8303
217 219 8327
218 220 8360
219 221 8362
220 222 8370
221 223 8372
222 224 8559
223 225 8680
224 226 8680
225 227 8764
226 228 8803
227 229 8825
228 230 8885
229 231 8966
230 232 8973
231 233 9035
232 234 9052
233 235 9098
234 236 9104
235 237 9209
236 238 9235
237 239 9301
238 240 9323
239 241 9399
240 242 9494
241 243 9578
242 244 9609
243 245 9614
244 246 9714
245 247 9715
246 248 9745
247 249 9792
248 250 9794
249 251 9819
250 252 9827
251 253 9974
252 254 9974
253 255 9986
254 256 10019
255 257 10027
256 258 10034
257 259 10039
258 260 10109
259 261 10117
260 262 10176
261 263 10192
262 264 10196
263 265 10227
264 266 10247
265 267 10259
266 268 10282
267 269 10283
268 270 10379
269 271 10488
270 272 10677
271 273 10679
272 274 10704
273 275 10785
274 276 10867
275 277 10873
276 278 10932
277 279 10935
278 280 10959
279 281 11032
280 282 11059
281 283 11078
282 284 11136
283 285 11193
284 286 11336
285 287 11371
286 288 11375
287 289 11457
288 290 11485
289 291 11509
290 292 11523
291 293 11529
292 294 11586
293 295 11610
294 296 11614
295 297 11749
296 298 11922
297 299 11947
298 300 11990
299 301 11990
300 302 12022
301 303 12108
302 304 12119
303 305 12128
304 306 12164
305 307 12267
306 308 12327
307 309 12340
308 310 12404
309 311 12458
310 312 12501
311 313 12661
312 314 12719
313 315 12753
314 316 12805
315 317 12818
316 318 12877
317 319 12933
318 320 12945
319 321 12949
320 322 12952
321 323 12956
322 324 12975
323 325 13003
324 326 13013
325 327 13031
326 328 13088
327 329 13116
328 330 13129
329 331 13150
330 332 13189
331 333 13286
332 334 13307
333 335 13313
334 336 13450
335 337 13461
336 338 13501
337 339 13501
338 340 13546
339 341 13565
340 342 13603
341 343 13660
342 344 13661
343 345 13669
344 346 13703
345 347 13754
346 348 13797
347 349 13825
348 350 13831
349 351 13994
350 352 14044
351 353 14077
352 354 14098
353 355 14139
354 356 14207
355 357 14279
356 358 14297
357 359 14354
358 360 14358
359 361 14372
360 362 14429
361 363 14674
362 364 14703
363 365 14756
364 366 14770
365 367 14769
366 368 14806
367 369 14808
368 370 14885
369 371 15007
370 372 15009
371 373 15059
372 374 15072
373 375 15095
374 376 15112
375 377 15144
376 378 15173
377 379 15200
378 380 15243
379 381 15253
380 382 15267
381 383 15324
382 384 15401
383 385 15434
384 386 15436
385 387 15481
386 388 15487
387 389 15586
388 390 15588
389 391 15597
390 392 15602
391 393 15602
392 394 15606
393 395 15617
394 396 15620
395 397 15624
396 398 15631
397 399 15659
399 400 15452
400 401 8220
399 402 11914
399 403 13209
403 404 9763
400 405 11476
403 406 11284
399 407 15256
402 408 8634
400 409 14823
401 410 13920
399 411 9633
400 412 13088
409 413 9434
413 414 12113
407 415 8767
403 416 8232
416 417 10956
408 418 10619
407 419 15261
400 420 10645
405 421 14982
420 422 15685
418 423 8816
411 424 15134
411 425 12155
424 426 8930
400 427 10125
406 428 11526
414 429 16849
424 430 14811
412 431 14888
408 432 10942
418 433 11603
421 434 13814
418 435 14067
428 436 9589
415 437 10036
414 438 11469
426 439 11350
412 440 17237
423 441 15912
416 442 16356
427 443 13314
431 444 11942
424 445 12456
429 446 11217
417 447 11742
404 448 16901
432 449 13121
449 450 13905
432 451 9783
425 452 16221
427 453 16088
450 454 14229
447 455 16111
409 456 16193
436 457 9867
456 458 14071
454 459 17234
400 460 13077
411 461 17350
439 462 14870
416 463 14022
432 464 12660
452 465 10133
450 466 15405
417 467 14886
432 468 11843
447 469 15937
407 470 15918
465 471 16325
424 472 11153
460 473 16202
454 474 10023
435 475 12633
417 476 10196
466 477 15356
449 478 16857
416 479 10005
407 480 16934
480 481 10224
447 482 16743
453 483 11329
478 484 17776
445 485 13292
433 486 16847
408 487 11180
423 488 13374
480 489 10481
467 490 12064
404 491 11477
456 492 17971
415 493 19377
463 494 13198
456 495 13663
451 496 13972
480 497 18666
451 498 11454
437 499 14894
488 500 15291
483 501 12719
459 502 19528
437 503 12774
491 504 18959
474 505 11345
419 506 17982
472 507 13599
454 508 20576
406 509 20726
480 510 11896
434 511 11488
422 512 16407
442 513 13887
453 514 12414
467 515 19409
448 516 14668
401 517 13835
479 518 11776
454 519 11448
464 520 16279
480 521 19925
433 522 19906
407 523 13106
503 524 15771
423 525 15823
490 526 18487
501 527 16653
470 528 16842
505 529 16195
465 530 12966
456 531 13461
493 532 20029
405 533 12279
499 534 14660
501 535 17058
478 536 17464
525 537 14572
409 538 17742
445 539 16049
424 540 19291
490 541 16979
506 542 19334
489 543 15123
529 544 12894
423 545 15652
425 546 17480
493 547 19069
519 548 19124
493 549 13248
443 550 16519
400 551 17294
402 552 18055
491 553 12388
553 554 12138
406 555 17352
461 556 22397
492 557 20396
416 558 15628
486 559 16782
494 560 21131
456 561 15071
551 562 12962
472 563 14849
550 564 19456
401 565 13683
453 566 18920
409 567 20353
424 568 12774
414 569 13917
472 570 18144
570 571 21798
529 572 14198
497 573 14990
440 574 21955
500 575 21500
476 576 20654
484 577 14228
559 578 17949
543 579 12478
407 580 22869
579 581 20745
461 582 16072
550 583 17706
547 584 23714
508 585 17675
555 586 20064
529 587 12367
416 588 12841
524 589 19204
525 590 20349
539 591 13668
433 592 16776
577 593 13373
480 594 16971
589 595 20803
560 596 17891
560 597 17512
592 598 12749
449 599 14207
519 600 15182
521 601 18446
553 602 16751
423 603 20393
422 604 24096
478 605 23493
480 606 15772
484 607 15589
575 608 20601
489 609 14556
519 610 21615
585 611 14094
405 612 16758
584 613 18641
565 614 16753
593 615 17819
497 616 19521
434 617 16595
505 618 16411
548 619 20309
452 620 13734
403 621 17585
452 622 16753
501 623 23852
597 624 21763
530 625 18175
408 626 17542
557 627 19216
614 628 20523
417 629 21397
427 630 22572
557 631 20294
490 632 24371
404 633 18244
532 634 24489
557 635 19782
593 636 13746
458 637 18754
534 638 13264
471 639 15852
578 640 25503
459 641 14394
563 642 24603
592 643 23137
464 644 17318
643 645 14713
638 646 14675
591 647 24246
620 648 17996
515 649 18793
618 650 15388
644 651 18558
564 652 14602
648 653 26129
430 654 16364
595 655 17246
481 656 25063
498 657 17286
489 658 23906
554 659 19735
623 660 19454
458 661 18340
444 662 14749
582 663 25683
551 664 25732
470 665 25628
402 666 22784
559 667 17878
530 668 16915
558 669 15809
562 670 19537
655 671 15355
427 672 24755
427 673 14576
480 674 21465
503 675 16714
610 676 14542
437 677 20647
501 678 20609
410 679 17496
430 680 23796
469 681 25743
555 682 20126
644 683 21762
541 684 19792
497 685 25022
536 686 23567
533 687 24984
440 688 19890
516 689 17425
566 690 19218
431 691 20117
443 692 25115
669 693 22501
512 694 14613
563 695 17368
578 696 19305
560 697 18440
609 698 20841
449 699 18299
594 700 17274
479 701 23591
508 702 19482
507 703 25966
617 704 26515
399 705 19517
625 706 25580
618 707 21774
611 708 18618
610 709 17740
423 710 15167
609 711 15252
558 712 26386
707 713 15551
694 714 16133
612 715 21350
632 716 17809
647 717 26711
538 718 15296
667 719 25497
429 720 19065
698 721 15820
465 722 18403
660 723 14710
450 724 28376
449 725 24426
617 726 15391
628 727 24993
582 728 17855
636 729 28281
460 730 23807
567 731 16218
637 732 14984
511 733 17938
446 734 16869
715 735 22716
609 736 16162
553 737 18928
641 738 24346
633 739 27069
467 740 20298
664 741 24005
723 742 25233
693 743 24147
655 744 26268
445 745 15791
473 746 17935
505 747 15457
468 748 28940
745 749 17513
732 750 23669
581 751 15373
406 752 17524
524 753 27545
529 754 16375
534 755 23367
673 756 28075
567 757 21608
545 758 30683
506 759 24592
633 760 20062
458 761 26052
711 762 17367
430 763 17453
514 764 21649
521 765 28635
737 766 20261
432 767 26409
447 768 25309
673 769 27050
692 770 30493
485 771 31000
503 772 24519
704 773 27712
624 774 24788
516 775 24512
621 776 31498
466 777 17430
640 778 24926
429 779 25418
518 780 15973
639 781 20824
750 782 24535
500 783 30803
642 784 19323
503 785 31160
646 786 16450
508 787 27304
661 788 20178
553 789 24883
706 790 31661
660 791 28733
757 792 20848
675 793 18896
583 794 24651
548 795 27715
406 796 18776
567 797 26131
747 798 16815
409 799 30290
652 800 23875
511 754 16529
515 658 19414
603 479 20483
733 739 18829
603 474 20233
721 535 20867
524 459 17184
769 548 12510
496 534 16847
585 513 14882
476 602 21679
663 421 16263
478 529 15015
413 630 15709
655 752 14531
618 784 13805
556 452 13050
645 750 18901
468 749 13699
667 460 14538
723 494 13141
411 480 14640
742 687 20721
451 589 14028
420 743 16471
474 525 18128
538 776 16200
705 481 15200
462 641 17001
608 595 14563
430 698 19708
716 401 17274
678 648 22318
471 585 17368
510 574 16242
774 435 23047
723 533 20990
686 440 19139
408 651 16640
430 467 19894
510 732 18050
636 738 18412
640 661 21624
678 595 21059
618 531 17952
781 473 21335
717 600 19446
531 785 14425
789 760 14610
597 616 20299
774 744 15245
564 572 22740
536 743 19580
429 711 13450
481 693 22913
634 778 13045
664 470 16864
762 687 17153
579 645 20134
752 635 18974
440 695 17920
605 704 14128
570 787 17229
553 725 13578
551 773 13398
692 672 18093
416 417 15230
443 487 21696
770 741 16517
543 625 14035
694 474 20030
607 688 17136
490 628 22593
420 615 22090
653 700 18158
463 709 18941
625 648 22376
528 723 14566
523 406 19639
737 743 12813
784 416 22216
718 442 24114
538 475 14604
602 500 14300
675 662 14353
428 642 14481
444 495 18804
460 594 12432
592 655 22453
461 636 15039
773 699 13010
522 787 22928
589 724 13303
772 648 24039
789 430 15401
522 602 14160
570 616 15153
790 648 17945
554 564 17467
473 413 20891
407 675 18893
417 487 18150
708 404 21595
722 548 20633
600 644 22276
529 771 15717
720 731 18058
545 791 23804
434 446 19545
784 734 13730
543 538 19965
645 653 17122
776 666 20565
459 726 13353
794 736 12663
411 673 18609
656 553 18243
659 555 21196
697 692 23626
478 745 15356
681 557 22050
632 566 16080
692 616 13453
407 506 23035
756 561 12497
705 720 15794
753 462 19232
529 770 16966
649 715 16767
516 689 14900
410 612 15804
646 752 15717
726 732 20384
684 678 21358
627 537 24791
727 694 20324
768 538 15327
546 508 15528
641 789 16478
552 639 17203
546 716 19081
529 538 21438
436 583 14136
433 444 24002
533 654 15738
499 640 21322
564 678 15550
440 540 21263
623 795 19813
647 553 21339
612 705 21107
509 559 14437
709 659 14394
640 607 22686
761 443 22416
592 786 15700
720 521 20941
596 404 16116
575 651 23543
561 753 13848
699 657 12902
672 624 20961
721 413 21689
535 551 14097
688 415 22711
423 406 13728
681 420 17477
545 622 22963
746 545 16907
420 439 17113
661 531 22719
707 725 14842
593 436 14290
477 731 17583
715 779 20986
526 498 15100
449 637 19294
733 609 20908
752 564 17770
762 688 24197
764 416 13579
627 729 16205
758 663 20097
629 501 14654
627 721 18658
674 653 16622
766 705 15871
535 724 15565
542 768 16311
715 668 22650
536 789 19007
627 756 13469
620 737 23106
477 789 23029
727 699 17138
652 793 17383
567 739 16685
683 594 23690
745 707 22495
632 505 15847
559 578 18384
637 770 14178
451 549 17600
454 430 13444
662 725 16842
567 589 15015
683 584 24343
628 615 18143
507 778 18999
507 707 22888
712 507 19069
437 783 19271
747 413 22921
573 485 24140
779 661 14802
645 683 13937
486 581 15269
598 704 22947
485 519 21158
697 669 12890
562 569 18501
436 752 22730
678 402 17922
468 634 20947
651 468 19275
720 537 18535
635 791 19627
672 796 23852
742 619 21983
641 667 23237
689 587 16869
550 684 16445
461 460 16607
786 783 12552
760 601 24399
461 730 13665
772 778 22091
469 522 19774
609 794 16301
578 646 24541
798 687 24008
619 429 22796
475 640 20929
554 651 19135
635 426 15134
703 702 23912
483 411 24550
563 469 20027
676 616 21947
474 754 13304
666 681 20274
463 564 19676
538 762 16141
702 462 20741
753 756 17942
594 521 18439
564 535 16003
663 592 13525
703 718 18146
520 557 19803
556 597 19060
590 732 13818
491 414 21510
457 689 13863
750 719 17399
708 495 19684
725 634 14052
556 645 18490
709 438 18941
623 418 18683
525 739 19479
583 721 15157
490 513 19683
458 464 16834
753 545 16714
676 516 17459
482 694 16599
461 481 23745
532 680 24758
632 417 16755
609 764 15762
724 618 14085
501 694 13816
449 512 20989
623 544 22268
643 631 14258
732 560 12573
734 429 13824
698 665 19050
564 407 19170
493 760 14884
598 638 22185
778 604 18183
666 485 19339
579 563 23921
758 790 14975
691 417 19657
610 606 24279
626 449 15865
649 623 14476
478 604 13701
742 735 15614
744 686 16086
409 506 12477
576 771 18176
692 466 18731
532 628 17433
732 650 12794
679 445 12567
624 689 12646
721 538 12465
671 563 17175
658 414 17434
478 677 16081
491 710 19074
603 672 18235
677 507 15150
559 533 17905
522 722 22355
466 535 23839
411 782 24697
761 578 15489
593 704 21717
761 505 23561
789 482 13311
458 762 22223
514 517 21772
508 672 24055
569 586 15345
662 491 22712
673 495 19203
784 415 18827
480 647 13228
621 600 15583
767 637 22362
592 689 15080
497 562 22808
583 651 23475
453 457 18972
613 518 20983
752 758 19060
506 527 13534
435 622 22240
517 590 20286
563 634 14036
719 616 23155
503 789 22307
779 505 18650
725 408 23234
769 701 14683
539 739 14051
535 494 12997
541 429 12437
580 658 14986
608 702 14088
597 651 17874
716 721 24713
663 446 19396
425 524 17495
730 535 12565
434 616 16861
540 433 21883
672 443 14223
684 510 24362
707 707 21429
475 742 24750
608 730 14134
711 405 23404
658 729 22965
669 657 17813
462 481 18005
749 433 22025
561 563 15423
469 448 21202
716 675 24380
430 578 16137
686 455 15927
674 630 19477
452 557 22016
682 438 17495
612 595 13477
527 510 21502
734 589 17727
792 638 21158
547 431 21322
744 769 24779
709 698 14354
517 471 12858
615 458 16580
511 757 16879
604 564 14785
520 622 19359
674 550 18217
515 536 16953
649 672 17629
608 703 12873
742 429 18894
771 676 21149
440 723 18118
429 673 17476
714 649 16060
597 687 22881
726 540 20896
733 706 17664
763 468 15273
788 553 19180
592 689 23210
578 654 17945
523 533 16681
570 504 19151
533 572 18442
439 723 20317
575 754 16372
538 590 14742
648 728 19531
536 665 22598
451 776 20484
511 623 14484
603 428 16390
611 727 20173
651 573 14730
686 451 12932
476 641 18600
600 775 14206
637 796 14452
593 556 16155
795 664 21147
493 437 17163
564 507 23983
565 429 13225
434 626 20620
745 555 24355
715 690 18341
435 479 19757
719 553 17937
635 777 14524
402 530 16864
665 593 21409
631 794 15413
405 654 18522
476 799 24255
593 419 13087
418 504 17060
484 568 20685
448 417 14284
728 706 18053
676 604 22783
634 725 13813
500 498 18256
702 729 12916
505 622 23762
702 745 21047
755 474 18170
516 790 23815
664 783 17347
684 765 13910
408 524 21035
743 410 12483
664 556 18242
755 639 16382
772 689 14882
595 532 14068
579 584 17160
617 426 17926
642 674 16864
732 623 15004
595 631 17064
777 540 20613
522 658 18998
587 544 17204
419 453 15792
521 635 16034
428 575 13907
667 433 21175
574 554 24137
473 783 17049
568 515 13988
531 786 18056
632 543 15206
599 556 17017
415 487 23039
445 727 13286
792 661 20462
408 526 13044
677 740 14045
614 800 12854
693 691 18506
619 705 18364
411 757 14690
727 640 12955
490 791 24477
517 795 20328
529 568 20905
705 597 17548
686 764 16929
459 480 19105
532 782 21019
510 784 16802
556 565 15546
644 454 16049
668 437 14026
604 655 22794
683 641 22602
700 474 14008
427 409 16004
737 540 19751
600 604 13952
653 679 13695
465 681 16757
773 579 19373
439 782 18552
426 694 18108
657 623 15947
607 595 12977
406 744 16084
570 642 24376
446 593 15815
582 702 23411
655 548 13009
734 697 13413
544 479 21841
673 635 16351
787 574 14526
696 500 18867
420 447 13380
589 512 22180
615 667 13518
590 561 15993
753 649 20861
475 795 12683
571 739 19391
658 627 18603
781 792 15205
672 429 17372
537 405 15950
451 786 20376
798 699 24712
482 612 23036
491 613 23611
607 418 19790
753 570 15506
471 401 15363
640 774 23066
530 405 12795
419 693 16335
413 762 19895
569 523 13049
733 738 13695
715 425 16175
615 479 16642
750 616 13409
405 781 14121
415 641 20309
616 463 23070
800 505 13479
571 543 20106
624 537 15716
763 732 24121
507 732 17690
605 792 15407
754 673 15420
552 536 21069
715 413 18532
518 413 14658
680 434 16932
711 676 18500
462 704 16974
564 577 20113
484 546 22818
636 800 13154
693 622 13058
570 788 20116
658 546 12605
497 616 16437
514 453 23758
432 555 13599
547 504 23273
776 732 21298
781 757 14570
635 454 23429
410 590 14725
589 623 21334
768 777 17615
576 415 24049
711 728 14702
782 474 13818
799 692 18895
758 790 15720
509 439 13694
792 617 24173
666 444 21108
466 545 24120
775 415 12707
401 453 15872
711 416 13548
402 653 15840
518 502 22106
550 481 16565
705 631 15308
476 619 23913
485 563 14491
634 676 14568
556 574 21920
683 563 14195
493 480 19875
539 724 13786
761 748 16898
764 568 13588
735 461 12990
791 405 18474
475 683 17639
667 738 22947
457 493 18615
455 475 13340
780 533 19391
436 598 19351
737 531 17657
448 664 24047
704 689 13213
465 586 23581
527 693 15911
547 606 24279
474 515 24650
672 730 21491
479 777 13802
793 585 16844
447 507 21710
799 630 19248
502 725 14765
667 584 18055
473 500 18706
618 761 18560
532 751 13831
793 719 19639
681 553 16170
593 686 22339
790 549 21373
539 674 24559
589 549 23882
459 434 15637
442 699 15869
553 761 21330
625 643 14631
553 586 19267
685 588 20587
647 454 22779
506 441 14717
744 603 14303
478 667 18972
799 451 19888
483 761 12424
639 698 13313
662 713 19105
669 675 15120
565 475 21551
711 418 12601
781 445 12856
684 506 20546
608 471 23856
611 424 17956
484 567 20218
761 457 15642
686 705 18374
700 503 16559
636 450 14648
594 660 14394
635 489 20144
428 663 20113
643 437 18564
746 581 12968
742 541 18690
705 425 19076
548 634 18141
406 424 21029
594 605 16520
725 702 20788
628 436 13931
702 516 19835
458 789 20243
504 497 19636
431 799 12971
698 734 22221
615 736 20900
471 743 17004
662 453 17058
612 734 21285
706 619 23170
609 677 20295
754 650 12995
604 525 16249
724 513 19420
656 679 14375
657 659 21048
494 710 14600
592 630 15684
795 651 23365
514 793 16232
625 677 21796
661 737 19199
793 792 22638
569 538 17911
797 668 14355
468 400 12835
711 401 16184
499 503 15018
542 475 17359
595 497 14704
436 526 20430
502 592 18252
637 437 16555
630 573 13158
630 799 23123
678 783 16312
799 630 24276
423 749 24389
724 443 18494
785 574 20964
486 458 18882
545 748 12856
528 735 14241
784 693 13920
468 604 18707
719 630 20079
625 716 16749
572 794 19798
526 628 12438
753 714 16773
428 748 20524
564 646 23347
465 601 16799
597 583 15384
713 736 19697
678 463 14974
583 747 15578
557 684 22592
789 561 12555
761 567 19593
663 784 24131
778 672 17274
619 518 15994
518 430 20932
720 560 13720
433 756 24092
513 704 16943
614 613 12961
637 622 19951
716 612 12925
459 430 15414
592 612 14246
478 486 17928
578 515 23902
766 787 15595
561 417 12851
503 578 19477
568 670 18885
689 594 16891
408 728 12556
790 409 21166
636 612 24585
401 729 15301
604 728 20469
747 597 21152
730 767 23941
608 609 15813
673 533 18265
418 740 13544
414 711 16821
707 695 14684
476 762 16718
717 469 14151
428 587 13700
741 621 23525
588 434 17858
553 475 24713
645 719 20351
769 772 23447
480 473 21624
510 732 12718
688 792 19003
425 586 13774
441 757 14599
511 538 13674
725 794 12915
495 619 12694
457 543 20443
669 682 23191
639 500 17632
755 418 21354
505 757 21725
614 411 15765
784 747 18514
454 408 16817
729 634 14412
522 708 15596
710 620 24628
635 744 19439
650 576 12982
463 735 13306
469 450 22276
535 758 14066
728 589 13579
677 589 19424
481 406 14597
749 651 22272
737 481 19776
791 623 19834
493 494 18229
543 642 12761
514 744 15908
454 511 19120
560 800 22776
700 497 17467
568 589 15449
414 665 13970
436 707 20162
403 756 19597
547 724 14651
664 738 14788
549 643 23352
581 691 23760
680 681 24126
777 470 18486
594 533 19937
400 449 17289
457 725 16512
692 571 24163
583 581 22804
740 669 20999
697 612 17642
502 578 17557
745 752 21796
597 698 23461
531 600 17437
478 535 19494
780 433 18961
552 533 13229
462 695 16664
792 695 23657
798 421 15871
666 633 17001
429 624 21021
523 708 20103
772 572 17589
757 660 18407
512 682 24129
782 687 19855
649 714 16232
505 626 14998
730 522 16132
719 677 21545
709 435 15547
630 420 20067
402 492 19397
591 418 19003
538 778 15223
710 709 15240
671 584 15270
579 730 17475
557 425 20162
779 476 18350
724 683 23944
567 745 21229
453 656 19845
779 798 23766
666 797 12714
651 778 19386
472 704 19571
712 587 19130
576 652 12411
567 603 15769
771 404 15235
784 424 12557
446 763 20569
510 462 14134
615 465 14433
490 418 17843
726 660 15755
629 642 16651
743 667 22603
500 624 23671
439 608 13796
689 539 18281
492 670 15229
760 490 19065
621 608 15674
534 764 12587
685 539 14915
785 695 22508
761 613 19619
445 521 12945
491 462 16631
514 649 16134
404 565 19683
599 554 16894
748 713 13241
415 648 17144
534 745 17624
486 695 13338
760 705 16993
552 781 14465
677 406 15904
548 425 18579
533 655 20492
454 779 21899
782 746 16997
740 795 20713
745 514 17129
788 539 13951
448 511 20069
593 448 15638
724 726 20340
620 796 21666
760 530 22392
505 525 22154
753 442 24785
735 640 22022
502 550 14643
651 466 15060
520 494 14908
560 706 18114
621 609 15655
684 474 16248
578 565 15474
530 408 14969
435 516 14515
502 692 14176
543 690 16926
410 577 20021
618 489 22139
501 744 24568
721 402 14484
449 503 23777
759 663 20670
730 688 18412
541 433 19262
742 504 18773
555 523 12819
591 657 19282
608 431 22335
673 468 23150
516 761 14233
475 531 16831
530 613 24540
490 776 15208
538 600 23973
580 662 18220
681 417 18123
682 481 15678
467 774 22036
488 705 16022
670 716 16814
628 404 20160
657 676 15309
740 426 17816
492 688 14692
516 795 16854
417 699 15143
604 466 19389
401 437 17835
426 502 20463
416 610 13751
658 514 20332
624 582 15136
742 566 19864
523 661 17286
501 654 23102
673 623 17288
728 520 19507
481 524 16027
662 655 20171
618 697 23037
560 729 16160
556 638 14130
669 508 12480
494 645 18792
445 480 23830
674 407 22929
601 563 21470
598 648 19563
752 424 15516
583 790 16771
475 539 17675
664 784 18101
739 708 18382
522 652 22634
767 606 22108
469 462 15619
586 558 16263
692 785 12910
565 549 19630
654 683 20076
607 736 19847
799 565 17249
429 449 18182
678 682 14872
533 574 16674
578 748 17235
530 663 16809
739 755 21577
779 479 24470
754 626 15276
485 530 16562
435 723 13961
660 637 15662
590 768 19331
561 791 21748
486 417 24218
552 677 18345
573 652 20221
453 642 14794
539 697 22397
774 411 22494
570 755 23489
432 450 14455
769 468 21951
725 749 24737
720 741 14388
477 436 12937
742 513 17828
702 783 21457
674 692 16567
583 747 15544
594 630 16607
777 727 20455
564 751 14219
737 527 20427
683 446 15805
776 695 13628
782 779 22046
476 651 22058
547 497 14627
419 427 23484
586 558 12652
706 699 16620
630 459 23389
630 417 15499
572 709 14047
417 410 22312
481 690 18025
672 408 21049
432 625 22287
782 613 23424
755 775 19750
539 492 17638
596 448 23155
431 568 15302
558 535 15949
724 799 18366
717 424 13532
699 419 12957
672 571 17223
618 774 20767
516 706 23006
478 745 12421
420 707 18513
433 601 14019
565 725 19091
753 490 17637
715 495 19884
502 691 22982
642 628 20437
765 544 16391
752 741 13924
630 688 15229
786 412 14766
554 489 24718
621 676 14848
493 458 18849
797 615 13257
468 449 14307
618 469 19406
747 597 12520
673 494 19729
655 472 20128
636 600 23344
491 769 24074
765 414 22099
677 788 16938
455 511 13757
609 492 13035
604 406 23686
502 704 12719
763 503 14949
741 744 24265
708 733 22665
605 736 13194
443 562 20327
529 476 17037
504 638 15500
641 701 17910
618 619 18387
768 657 13201
745 479 19486
525 604 16664
517 624 16898
636 551 19651
439 646 13346
658 705 21087
794 682 19145
638 625 22316
404 545 23579
564 439 14917
515 675 24001
565 445 21316
677 452 13079
591 437 20016
763 773 19923
751 533 16683
433 760 19243
427 539 21682
477 521 16939
562 660 18962
521 783 20231
585 578 15849
595 714 17389
523 557 18590
701 701 18938
595 564 16532
618 494 18795
551 524 18600
533 779 19921
646 602 14101
685 510 15787
416 513 18711
757 480 18865
455 516 18612
426 681 13337
544 556 16878
452 766 21502
582 657 16841
435 717 18239
787 434 14981
702 466 12412
692 650 14155
527 757 16304
738 691 13917
738 653 23302
729 490 18505
797 653 19280
776 501 16904
603 757 22961
731 502 16136
462 763 16865
728 406 15453
485 700 16790
690 463 15186
425 654 19304
588 469 20076
570 730 16716
562 750 15246
497 422 14476
692 792 17606
739 655 18040
630 657 16593
627 741 21795
659 684 18692
564 455 23247
472 642 24519
487 548 19106
710 435 21666
411 758 20603
424 679 14856
776 588 24148
741 425 23574
702 481 13239
688 426 14632
430 417 18341
527 403 24192
452 646 15758
545 546 24083
447 712 15136
787 637 13833
731 500 18316
716 493 17313
698 544 21125
704 777 14537
620 640 20057
698 776 24595
565 771 12741
716 786 17174
782 675 16988
467 723 22700
594 517 22549
652 404 17362
459 713 15973
480 693 20529
783 476 22093
441 445 13113
445 595 13991
627 480 24451
526 519 23016
655 711 19453
410 743 13403
646 641 24081
631 581 16903
781 729 18624
612 771 15865
412 536 24556
734 580 20633
760 767 13427
612 799 14410
449 688 22048
503 408 17904
684 498 13859
606 618 15732
503 781 14100
666 508 22661
790 517 17692
704 591 12936
797 608 22340
741 502 23303
428 492 20073
482 759 14289
408 704 12677
501 571 21281
553 654 18577
568 501 13859
504 472 17264
679 734 16509
676 551 19232
559 425 14678
482 780 14071
705 501 22141
434 530 18850
533 520 20537
417 688 12456
473 660 22498
694 724 21668
459 737 15100
428 484 16055
743 419 14962
739 666 17305
800 761 22936
475 703 23173
433 771 15875
789 779 13293
698 792 18227
692 705 20391
467 750 15679
797 657 22848
501 450 20077
740 763 16620
793 451 20744
637 449 19033
525 650 20559
447 507 17686
550 509 19469
598 709 13962
731 739 16362
402 725 16633
522 663 17114
635 721 22919
772 751 20171
704 623 18500
495 658 14818
412 460 20465
460 541 21994
417 791 23983
763 407 23491
574 414 20955
722 604 23158
410 738 19983
612 615 18234
705 753 19281
595 543 14218
619 487 18542
669 616 14032
528 794 15880
553 489 17913
475 406 19404
769 581 15055
727 446 12932
574 421 18478
699 661 16299
777 730 24286
790 600 22554
783 726 15522
724 740 17298
490 795 18267
722 703 22895
607 504 20264
639 571 15779
684 464 13850
761 779 14928
655 510 15375
494 745 23281
502 541 21009
744 491 13407
776 705 15643
428 452 16482
641 633 23586
653 423 19470
727 675 24490
795 729 18710
601 613 20300
576 643 12625
478 581 14343
785 616 13262
433 444 13693
667 477 24195
454 522 19854
723 702 19366
402 768 13064
718 557 12497
449 729 22430
584 575 15001
403 724 17663
413 421 14750
493 644 16668
773 632 17042
407 541 20090
769 534 16034
533 557 20822
557 666 14417
499 534 12407
539 771 20161
573 438 22016
679 443 18599
525 528 16758
635 547 21406
746 589 20742
599 485 14929
785 793 14865
724 567 16177
653 473 12998
782 798 16108
794 678 23733
406 632 23324
530 528 23056
725 569 21063
488 544 22366
506 675 15479
450 634 14710
785 456 17238
648 782 22653
588 508 15187
499 763 23386
440 600 23878
459 588 14664
771 413 13887
605 595 19126
604 774 15634
495 768 19708
488 493 22523
783 590 21320
722 631 16428
496 543 16707
740 453 15273
485 488 14640
446 553 12644
526 614 20099
744 659 15019
769 423 24802
758 551 16651
490 590 23918
545 714 23827
498 573 24806
795 761 21646
695 698 19956
443 604 13689
417 462 15360
616 735 15617
787 772 23530
738 794 14477
409 587 13094
603 471 15575
723 745 17310
689 787 14598
464 616 17324
448 535 21978
409 496 13005
402 608 19247
453 678 13167
710 496 24390
482 746 17608
625 749 19282
766 664 18109
747 593 14907
453 758 14600
437 429 18070
743 521 17021
492 643 13795
748 647 13102
487 681 24241
781 800 16358
637 762 19640
478 614 20537
526 550 14878
769 484 14193
420 773 24624
657 526 22018
442 670 20424
718 597 16913
771 695 12942
474 602 21813
704 404 17099
765 742 15668
712 799 17127
635 514 20460
479 785 14137
706 468 18107
410 748 18288
570 586 20093
498 634 13684
400 499 16331
687 663 15045
491 679 23491
457 492 16904
455 401 20974
726 674 19522
541 722 16036
442 610 20375
488 707 13707
676 734 20120
681 780 15370
567 514 21438
482 560 17740
622 593 19058
775 555 12523
755 786 12796
536 594 14878
525 522 19936
799 722 23867
692 759 20058
573 763 13672
661 596 21763
518 562 23579
512 445 21587
685 563 23638
412 454 14329
732 596 16067
700 630 18116
721 626 15805
491 450 18955
736 563 23759
615 569 18653
569 657 21889
497 702 18060
695 796 14602
773 737 23385
674 475 12408
774 587 13246
582 572 14890
558 614 21445
687 720 19065
652 722 17471
439 443 23907
503 515 18054
710 512 19531
719 427 19637
656 469 12915
653 637 24618
693 455 21359
680 664 23981
718 779 19762
475 451 14835
487 703 12980
756 632 23162
794 570 23573
519 644 17706
416 449 18401
682 563 20170
492 492 21175
737 729 23798
797 509 21876
652 510 18391
693 435 12622
672 597 19768
677 688 23661
581 492 18912
570 772 23528
722 656 18361
581 723 20152
568 666 16940
788 523 14728
494 509 22866
583 657 18740
550 500 14157
642 466 19166
407 456 21984
748 514 13339
495 642 22325
591 607 23130
696 457 18039
522 557 15323
423 586 12628
403 442 17633
754 404 23815
790 636 14298
575 650 15745
654 453 17324
532 494 17914
601 596 20072
633 525 16964
705 467 13367
571 682 12490
530 413 16034
529 699 12624
793 406 22212
436 723 24388
490 717 16967
486 535 17581
733 421 21130
733 679 24047
586 659 16338
439 610 22866
509 584 19903
497 472 14249
614 696 21191
696 639 18676
531 722 20082
530 447 17217
733 614 24564
517 404 17279
413 496 17057
575 705 23218
503 666 13677
798 643 21421
581 794 14260
453 529 18286
654 747 19063
571 716 19147
587 687 18009
551 454 13788
785 589 20048
488 479 15532
551 521 20163
492 424 16986
483 713 24190
755 783 14258
637 758 14405
731 776 23437
513 781 23441
526 407 14236
419 664 13253
687 422 13931
633 623 19301
679 741 16949
518 614 24101
551 785 23806
408 460 18565
578 670 24762
599 422 18539
512 479 22363
449 771 14094
623 419 20141
521 772 15499
465 689 17614
419 799 17016
584 609 19608
770 533 15645
578 725 20069
510 781 17329
534 490 13901
791 454 23682
597 458 16094
681 437 20132
718 612 24338
403 676 17217
581 799 20404
753 605 20150
723 461 21609
507 535 21850
565 517 18129
669 648 19139
516 424 14643
458 497 18457
425 472 16493
544 456 14677
689 744 18550
433 492 20837
657 693 18142
732 455 12463
505 749 18387
528 627 14683
704 418 15265
707 560 21784
735 413 18903
792 432 14278
446 512 17288
736 650 15029
411 538 20206
651 501 24594
440 486 22623
546 511 16082
503 540 17474
422 618 20775
483 724 22671
564 569 18222
555 762 20219
687 401 17715
481 410 20126
798 563 23922
763 572 20299
788 577 13400
461 504 14559
702 454 15334
643 435 24760
530 714 23797
443 776 23893
652 601 18393
690 752 23836
729 691 22230
726 524 19327
685 406 18393
640 568 15931
627 591 17878
560 697 24301
704 555 18525
564 677 14630
750 556 23360
563 728 18368
422 737 19263
532 478 19564
701 469 15910
572 616 16810
778 411 23332
425 797 20638
409 517 13368
446 714 16830
532 520 13716
689 415 17425
789 794 23697
776 717 22392
702 629 14861
600 401 23337
488 429 15323
558 656 15750
410 585 14944
768 455 19870
647 755 21093
685 471 21242
765 425 23541
583 551 17232
781 619 16366
748 652 17088
619 748 19643
533 497 18058
448 445 14887
472 538 17668
433 433 13450
416 578 14460
543 414 12777
595 565 13912
442 683 17002
645 695 19625
416 748 15287
499 763 14760
465 696 24252
784 440 18334
525 487 14279
515 687 23984
733 420 14514
450 482 15441
604 679 13650
409 770 18442
424 689 19473
550 600 14177
439 402 14902
504 485 12747
610 416 23338
658 720 12669
705 710 15830
599 753 19372
512 412 14376
460 548 17551
416 619 12480
561 760 22897
763 732 20410
445 614 22123
744 632 13143
511 590 17597
681 410 24673
563 564 12839
543 557 23335
687 621 23172
666 420 17391
474 536 15523
544 695 20413
798 688 13599
636 740 16491
709 589 19527
767 538 17705
681 664 16849
677 708 22062
799 549 13944
650 509 20454
406 580 20778
549 712 14711
723 440 16069
778 485 24070
426 413 19288
510 433 20668
448 429 12544
646 466 18258
516 688 13159
604 720 18804
666 741 19460
545 486 21546
483 639 15886
426 493 22890
774 699 18668
482 638 13388
770 747 22412
569 491 22656
666 790 18240
423 640 14228
548 796 16201
557 587 18665
450 426 14987
510 664 13377
693 656 19312
767 570 15585
556 695 17942
779 762 22128
445 546 14693
612 466 17993
424 540 14704
578 411 16214
727 441 17996
621 687 21175
677 445 14755
490 573 15774
530 624 20275
743 743 22303
465 548 22069
520 498 16028
729 424 16196
656 443 24081
591 493 22743
751 722 18102
569 642 18241
737 412 17420
562 532 15287
684 776 16675
732 498 19886
525 477 23105
580 430 20392
599 684 16382
651 701 14060
773 642 15158
623 555 18940
591 685 22707
460 410 22881
442 693 13280
530 605 19426
658 755 23317
528 684 21308
722 634 18209
556 715 15230
549 596 19474
721 697 20909
409 797 22317
794 501 22408
672 412 20379
756 494 15349
789 442 14897
541 547 20148
543 677 20962
582 675 12761
563 583 21988
625 533 16401
669 477 19145
549 715 19812
417 553 24153
478 453 17217
761 405 17364
532 756 14605
400 417 18892
641 600 16694
501 788 15377
404 795 17881
647 753 19560
666 418 21488
595 408 20609
683 719 19693
725 548 19203
567 442 24444
493 479 14324
472 622 16100
553 511 14343
444 695 23081
542 546 12818
564 709 16420
761 786 19473
616 545 15603
522 569 16857
609 423 23989
465 539 23822
646 576 15143
580 608 22281
755 429 18258
555 562 18689
429 611 14910
441 638 22099
405 628 23281
470 712 15111
699 740 21930
463 797 15529
783 477 20965
608 727 16316
460 687 15070
585 444 15394
725 442 14265
765 478 15846
672 478 16933
728 710 16822
537 795 14948
440 455 22696
517 666 16314
652 776 12851
699 579 18028
617 677 19892
501 727 17690
474 743 20813
797 751 12701
742 709 19456
798 506 20255
609 776 13283
644 746 14878
669 575 21869
769 723 13059
774 546 13970
748 730 15276
513 568 12466
491 638 13057
433 743 20719
599 484 24760
516 649 12495
616 747 15635
675 666 19510
520 503 12596
585 754 21752
644 702 19659
614 540 16945
433 434 18560
561 600 23208
415 558 22030
616 598 22346
706 648 19203
409 699 15074
476 473 21649
752 505 14475
680 429 20717
505 418 12632
648 646 21308
771 656 19661
546 512 23278
786 754 21198
526 649 23178
748 442 19468
697 417 18210
400 570 15148
579 720 24543
460 771 16092
654 436 21026
540 754 19485
404 579 15199
543 405 18454
698 495 17288
571 778 23146
449 451 13999
559 697 14093
456 752 22563
559 671 18734
563 709 15856
800 435 13376
549 579 22680
664 606 15259
660 706 20958
733 532 16674
521 509 14653
759 784 20492
790 423 22552
402 667 18107
536 610 20121
429 528 12558
656 685 19157
474 637 16094
567 538 13909
459 504 21151
726 719 19805
574 600 24699
448 500 12433
543 794 20172
511 642 19713
740 492 16247
588 634 16405
442 433 19715
640 618 21909
779 463 20490
576 694 15646
414 616 18182
550 680 14424
643 449 19048
756 502 13898
637 613 16634
521 532 13587
546 776 20130
735 794 24372
435 406 16743
536 732 15900
749 593 16831
766 771 13665
407 521 19909
512 726 14201
579 565 17396
581 690 12626
707 450 23357
602 666 18913
568 486 12700
776 447 20293
582 534 20295
682 736 19596
748 703 19996
749 795 13644
598 568 24736
505 723 15955
764 488 15710
745 686 20438
423 775 18964
776 706 15015
567 576 14986
472 648 18183
676 674 14444
610 596 13549
475 764 20734
687 517 17977
749 680 16945
733 505 16441
509 681 19718
795 644 17362
605 503 20181
681 782 13680
667 596 16292
474 792 17103
555 546 23620
548 612 21708
534 497 21731
638 522 16359
622 506 21898
759 519 12536
653 767 17782
596 427 17951
420 468 17132
564 432 23773
720 738 14030
695 404 18960
748 777 13682
694 734 18440
475 415 17013
481 458 15830
735 505 19608
414 554 22191
588 764 17606
649 547 13176
549 572 17869
564 553 19016
683 787 20130
686 405 24454
587 535 14227
574 669 16268
422 778 13247
435 718 13613
521 507 24048
494 539 14316
599 609 14242
584 496 23238
563 485 18131
737 792 14223
659 439 21880
433 692 17108
478 699 18367
559 741 21445
725 523 16089
730 654 17028
493 697 23596
729 443 14813
620 659 19757
663 774 13520
767 783 18527
546 784 13121
782 520 15046
606 673 19915
593 435 17097
432 785 18647
596 673 14582
758 689 22099
420 578 14578
662 788 21795
457 714 18527
464 572 21342
407 781 12971
529 656 18944
411 459 18520
589 510 17566
497 562 18461
773 477 14510
418 604 13683
516 484 22336
473 787 15786
538 482 22644
761 732 13848
746 750 23354
574 591 16495
432 788 15071
541 591 17499
531 730 23172
568 772 18922
415 598 13085
743 613 19102
652 476 16611
649 484 18207
468 457 16362
468 446 22822
690 497 17208
577 482 24761
703 695 18431
513 539 23150
589 792 22629
785 696 17006
596 439 18456
584 766 22929
674 497 16964
462 607 17740
648 778 18606
425 625 22309
548 711 13729
669 492 24304
787 552 16565
682 519 16324
738 551 18930
662 605 21999
465 493 21907
702 536 14789
777 697 14743
800 627 20564
485 455 21571
543 800 17239
401 702 23523
520 496 12640
654 720 23715
460 535 19592
453 658 16136
669 547 17020
541 762 19902
488 770 16442
671 696 23350
576 466 18785
546 436 22903
426 621 24110
695 623 17688
527 609 13325
426 470 19117
411 608 20291
727 513 18002
593 430 13760
598 481 18010
461 711 23626
601 800 21711
476 429 13381
402 537 22972
564 485 23238
710 539 17505
470 603 18394
763 428 16883
505 579 14327
545 524 17473
637 586 22994
617 560 16164
645 427 15301
422 614 14083
731 726 24207
553 624 15274
797 504 12679
508 450 20784
408 683 16311
700 755 13123
467 431 22896
506 420 24670
642 462 19000
736 549 14679
525 741 15910
623 746 19535
757 478 13565
466 580 18177
766 445 19189
627 544 14230
693 570 16548
472 752 18032
796 400 23223
543 534 15422
728 468 21032
478 486 13505
604 426 12893
488 746 20901
661 435 15934
499 510 13108
590 752 15278
781 793 13951
590 611 14205
518 597 12434
528 488 16441
753 443 21025
777 504 23524
502 746 15535
768 556 16366
533 467 20267
528 512 23378
785 743 22820
602 795 12856
689 478 13804
475 794 20499
635 713 23167
426 572 18143
511 454 13491
631 774 20351
645 516 23589
525 790 17056
576 565 17639
763 569 13379
612 733 23713
554 715 14682
761 469 16283
450 440 16654
522 559 17755
707 744 13697
547 483 15054
675 521 15152
766 443 13285
622 679 17745
690 508 24233
702 584 17933
534 796 12699
610 534 23175
432 791 17345
739 787 15239
795 774 20170
752 637 20176
558 571 21585
594 647 20302
427 798 23800
561 730 23790
478 524 17061
629 431 19396
775 767 19912
764 435 14921
521 755 13624
444 783 20948
688 705 15180
560 515 12585
507 429 17266
794 735 21816
580 712 16903
400 468 17187
404 750 16873
550 427 17274
579 511 16829
540 604 18100
586 720 20521
747 617 16650
728 607 20785
549 408 22615
645 500 20127
489 516 17740
740 637 23923
556 535 13514
462 648 15120
579 547 12975
662 442 17565
609 715 23325
515 504 16258
795 409 16427
427 698 16828
584 785 23489
581 605 24436
676 543 13782
731 663 19750
507 678 23909
548 701 22976
769 505 20030
568 596 15592
589 518 21641
663 783 14504
486 539 18775
588 733 21791
473 782 17938
649 483 24514
668 415 15653
427 775 22244
681 509 19813
606 470 18045
645 441 23009
549 405 15782
595 524 19156
466 619 23501
721 790 19049
436 738 17942
541 714 16361
724 600 18422
649 554 18973
785 454 21585
761 549 17860
589 572 17550
455 742 17195
690 501 15268
783 500 14724
411 476 18874
696 429 14227
790 742 13368
623 462 14881
739 424 21152
570 529 15814
568 773 14894
728 633 19676
448 607 16107
507 617 19417
471 667 13603
794 740 21783
574 431 13236
785 588 13051
555 516 17394
724 469 13808
406 571 17588
476 478 16521
639 434 24293
749 660 23186
454 422 16878
445 718 19878
659 677 16412
444 512 16704
605 482 16323
440 509 20590
665 703 14947
423 665 16974
411 788 15292
776 490 12688
568 715 13264
753 697 12985
550 400 21446
534 443 16416
575 652 21391
638 634 15980
518 624 21912
749 782 22976
533 496 21155
451 712 17123
549 705 21779
768 481 24016
600 545 14363
515 420 21948
481 660 20484
524 575 13184
441 669 19582
602 456 23684
491 768 18561
510 490 17720
745 595 16372
590 469 17591
644 718 15981
759 609 19742
519 772 12865
483 425 15751
430 695 19160
691 596 17662
453 503 13804
634 578 18740
784 471 20102
784 413 18348
752 466 15010
536 788 22616
741 460 21359
543 614 16109
644 723 19933
531 515 15415
760 502 14626
541 466 20470
445 739 14322
430 687 20274
414 501 16221
434 756 20515
507 566 18445
616 666 21350
464 770 23052
482 657 15859
617 786 14487
642 581 22123
701 625 20331
551 661 19853
749 556 15870
726 544 19761
521 706 17552
523 507 14254
698 473 15336
583 566 13422
488 716 17813
475 618 19955
726 536 14613
652 400 18514
751 593 20119
637 775 14848
469 763 15985
570 435 24408
691 676 21135
609 421 19946
602 589 19497
615 420 18084
477 684 19316
721 637 13565
593 461 20658
756 455 24274
600 501 21308
605 653 19190
607 405 16435
635 741 19240
754 472 15019
555 566 13481
545 699 12794
419 458 22841
667 673 24118
742 452 16235
555 720 15487
492 408 19559
678 724 23215
594 420 17387
750 713 15189
715 786 16948
516 703 16477
521 513 17898
475 729 23405
699 605 15941
641 631 15368
489 656 19681
452 607 18217
540 752 20777
759 659 24197
556 510 13324
766 505 15343
798 632 14721
585 704 19208
451 714 23983
715 734 14441
542 508 17578
597 626 23550
432 551 14485
590 475 17402
449 557 16609
631 612 24616
465 626 16812
630 635 19327
415 756 20454
616 692 19643
586 606 19021
430 452 16546
651 641 15587
529 527 19114
618 720 14392
539 641 18291
561 670 19867
560 689 21200
400 472 22353
548 547 14110
534 546 24810
630 682 12657
485 537 14616
715 416 19470
754 645 18900
694 701 18968
544 690 20840
727 780 14854
406 648 20703
538 429 15772
492 764 13867
686 790 19768
724 554 18216
604 509 18318
428 680 23177
454 665 17720
728 623 23183
768 541 19419
496 496 15850
491 524 17789
536 675 23246
623 568 17892
554 798 19122
437 542 13081
756 408 16138
653 496 21091
577 543 13337
522 661 13841
709 454 16029
744 762 21126
540 761 17843
437 593 19860
651 511 14520
631 553 22724
478 516 15690
659 609 24058
425 524 14811
440 454 15135
609 504 18486
558 739 20030
534 507 15926
726 464 23312
507 534 23847
515 601 16705
685 613 20668
787 404 15246
415 717 16944
563 458 16336
533 550 21165
774 748 12607
526 601 23405
403 521 18793
620 754 14998
443 412 19300
709 554 18331
602 457 17606
636 560 17886
678 432 21554
621 762 13928
606 538 17945
483 569 24403
413 483 24115
615 585 21732
748 660 12417
738 524 20793
463 615 12515
599 486 23583
569 447 15171
478 655 22664
764 540 18840
725 490 24000
408 618 15727
437 668 18294
644 606 20295
728 595 21615
750 412 23680
487 781 19723
584 499 19468
494 532 18113
787 646 16363
463 719 18353
507 741 19695
655 413 23571
660 715 12780
613 464 14474
652 666 20757
706 682 18516
568 572 21989
689 649 14788
425 469 14292
487 554 17375
603 546 22087
742 720 16550
648 612 22072
636 538 24090
729 707 13840
530 404 19056
768 715 23846
573 473 14706
693 674 15316
684 578 19704
564 542 22170
686 522 15423
737 417 17685
452 752 18181
610 701 19333
518 621 17082
641 697 18592
759 547 20337
603 577 17614
414 706 21721
444 409 18081
422 784 15379
533 537 22903
574 401 18799
604 559 20602
686 503 20386
417 682 15601
650 635 14612
635 452 19718
675 596 17497
652 625 13884
540 494 13978
406 664 15394
452 636 13963
723 753 20213
663 554 20467
570 739 15037
674 446 19237
663 639 21970
458 698 16599
614 654 22377
750 484 21658
593 437 20670
566 436 16992
765 584 13997
563 690 14700
620 589 17562
435 709 17206
435 658 13249
405 566 24276
558 583 17579
547 523 14923
765 412 18936
652 595 18115
411 489 22695
654 537 15590
688 757 13675
541 615 23801
645 547 19391
754 747 14986
606 459 17353
634 798 13588
478 791 15929
504 775 14947
788 754 20902
575 468 14589
504 679 21161
406 528 18892
766 417 15538
433 567 23150
720 506 17747
480 487 20129
737 602 23927
547 758 20700
478 478 16191
774 434 13250
706 704 17286
462 775 20158
520 560 12546
690 749 13588
457 465 20603
498 598 13256
696 454 15758
743 605 15165
765 450 12589
586 481 20811
408 771 16462
687 705 22897
642 520 15136
791 566 21503
717 455 23776
709 687 24576
648 774 23074
481 760 12737
764 738 20907
440 696 16131
423 778 16664
460 503 13179
682 667 19534
428 607 16960
574 420 16492
725 534 17481
557 543 15460
456 678 17663
401 495 15682
627 547 13768
501 745 23899
568 569 21576
739 412 17930
694 694 20287
408 612 15637
738 539 15234
482 740 14027
785 770 15429
661 755 22809
558 738 24057
745 486 14679
735 677 15001
639 462 23337
630 403 24456
559 766 15546
781 659 19491
665 710 17809
541 604 21029
551 540 24416
701 750 16499
670 576 18274
462 667 14882
643 412 23550
598 590 18155
650 531 24217
425 616 16795
592 621 15263
514 708 14522
787 687 19824
423 638 18977
513 421 20268
734 738 19424
676 559 13736
458 569 16154
780 593 18430
476 613 13055
572 447 19207
430 526 19292
419 436 20215
779 425 19487
800 778 20076
744 556 15918
453 588 22105
461 467 13368
670 696 13253
486 645 14406
669 519 14563
766 644 12618
488 402 15310
615 668 15784
527 612 19437
737 716 19260
697 748 19227
731 715 13550
681 694 13946
782 772 22343
739 478 15731
657 629 18041
635 597 18786
589 612 15891
442 748 20074
700 504 14031
742 744 23282
544 404 21222
638 444 23992
775 701 12911
649 468 19406
798 777 14082
636 735 16056
583 492 16456
542 560 14825
785 421 17931
570 728 24480
557 688 19220
575 532 19071
722 644 22377
429 479 24015
602 631 24658
422 456 17442
535 697 20862
719 449 19548
483 669 16852
637 750 18318
716 628 21599
682 603 18532
771 665 19487
764 595 18961
571 543 23327
445 766 20680
406 571 12460
540 493 23209
470 708 19541
638 590 15732
795 659 14649
489 791 15915
647 419 14480
618 453 18464
411 796 16391
648 736 17690
520 534 23861
763 422 16275
519 700 22782
404 567 18882
646 602 22341
763 743 15673
619 469 18285
443 773 16218
633 592 23515
500 702 23864
739 499 22134
494 501 21673
787 611 20289
596 675 14338
496 590 12904
677 706 21405
754 417 23927
651 514 13288
501 758 20233
571 568 21221
662 559 16457
599 556 22346
720 732 22108
624 677 16442
647 676 16258
448 641 22657
726 481 12842
786 684 15316
649 759 21546
464 577 12437
542 761 16257
755 774 15235
786 403 23312
732 505 18928
695 688 14152
438 475 17333
710 495 15335
649 784 20342
400 630 15316
499 672 21351
680 748 12412
741 528 15193
595 468 23933
547 744 22390
552 660 20994
468 665 12714
767 724 14951
578 511 24304
617 671 15988
485 789 16930
751 746 21685
716 659 16899
771 758 17752
453 664 16375
407 793 20434
482 417 12826
627 447 22427
401 749 12913
616 570 18978
790 652 18465
606 620 15449
510 571 17647
620 755 14648
740 409 19115
789 404 18956
633 776 24460
706 704 17577
582 413 17582
576 502 18016
606 517 20900
625 661 12591
636 785 13673
425 767 22707
457 549 22136
492 489 15883
612 694 19369
686 797 17473
702 571 20661
770 410 17216
582 533 12786
526 504 13124
597 527 15961
448 572 21385
634 503 19223
550 752 24132
426 467 12673
674 629 19133
473 753 14963
426 776 14496
473 469 13076
756 688 18211
715 517 15529
571 653 16606
417 696 21921
717 673 15680
570 721 21161
513 698 18099
521 785 21338
481 617 14486
739 672 22770
522 708 15530
460 748 16576
747 591 18817
592 457 15684
509 556 23287
411 600 16126
514 421 13631
684 541 13530
549 536 17893
433 537 16754
718 439 15895
606 789 17513
518 602 19058
622 480 14172
409 429 22827
695 761 22201
558 465 13416
497 423 13147
543 537 18517
407 655 19121
681 550 15828
719 781 21835
682 677 15003
794 665 22633
529 728 16478
674 752 14942
784 603 23541
746 781 22778
509 776 21830
641 481 24223
743 488 21531
603 506 13317
703 700 14641
518 786 16408
676 642 17956
704 459 16829
535 729 16596
640 628 15155
799 719 16508
491 468 14890
640 733 14821
470 644 13240
647 654 16166
762 430 14133
568 525 22389
675 419 20236
751 764 22100
722 656 13029
777 582 16867
726 467 17110
406 434 19922
800 460 13327
479 508 24805
643 709 18899
669 630 21370
595 672 15372
574 792 16695
644 643 19117
481 481 19581
529 505 21585
404 498 14214
460 720 15439
606 401 14238
752 594 19466
639 433 14475
480 790 22388
653 656 24265
468 637 12623
561 492 22719
628 685 21732
613 540 17395
413 765 18702
474 772 17996
563 678 23273
583 687 24227
610 489 23189
643 430 16957
490 511 19393
784 667 20291
554 546 24270
723 496 18329
679 413 24777
472 717 13301
703 728 19996
787 783 21184
516 762 12721
526 486 22509
625 685 23610
735 759 23649
515 723 22437
661 496 18942
407 554 24775
678 715 14772
440 517 15911
492 745 23711
463 689 19471
414 740 19867
580 800 12595
401 668 20254
722 604 19613
461 616 13856
515 586 13984
593 781 18624
624 740 15955
480 463 18057
535 476 24643
660 478 14536
475 504 13708
761 549 14247
741 682 18624
728 453 19991
800 554 16140
418 537 23272
746 410 16907
660 430 14445
619 580 21489
732 497 22734
744 693 14086
458 783 13075
723 550 17276
461 619 15726
607 712 16350
567 685 20931
775 719 16344
714 643 14546
663 772 14225
476 731 19571
471 655 13092
621 588 24513
673 734 23598
549 737 17772
431 535 18741
562 751 16120
402 713 17545
682 529 18623
575 728 24548
617 553 22812
578 555 19903
490 792 15701
762 579 16472
531 508 17623
747 741 12935
567 518 19882
716 512 15535
511 483 12660
707 544 20341
422 587 19809
672 560 17692
525 455 15237
550 768 17350
544 760 16583
751 570 20565
626 614 14250
695 722 23427
752 476 13469
788 670 17226
634 489 17769
602 543 12755
506 564 13657
500 632 21591
644 452 17961
581 672 19380
516 711 21741
763 770 24386
727 451 15687
757 525 13302
527 781 21772
709 653 17397
669 434 20971
501 508 13469
422 696 16633
752 464 15203
529 699 19782
708 546 23523
733 762 24603
608 528 17724
493 649 18348
478 492 17649
406 446 17963
721 519 17113
653 452 18032
443 496 13796
689 654 17327
649 637 17146
722 665 23994
628 629 13062
558 637 19224
538 469 13703
552 769 13554
669 486 18757
643 468 14859
580 584 13293
659 545 24743
487 462 13505
519 690 17743
784 613 15323
638 441 20834
406 447 15342
687 437 12641
461 547 13734
639 726 18415
425 495 18612
626 654 19673
435 765 22606
695 732 15157
675 689 15387
509 533 18976
632 762 22621
427 569 15873
571 670 13619
451 547 19817
587 586 13971
452 648 14973
434 587 17401
671 662 17009
609 636 16642
750 770 14722
507 475 17592
527 584 20214
542 518 21040
748 763 21066
553 677 24007
421 751 21156
421 637 24154
781 641 16573
541 629 13440
765 739 17199
730 620 12669
429 546 19310
432 781 15267
565 537 21520
723 435 18027
752 577 13380
490 437 24694
462 577 19283
452 703 23739
730 755 13925
661 730 23942
600 636 13189
510 507 18876
764 603 14798
601 739 17444
790 479 12491
461 484 19061
567 711 23470
786 479 16805
782 720 17879
669 503 21866
647 548 14095
683 578 12673
786 438 19839
651 751 14447
689 515 23034
593 726 17211
514 764 14219
787 568 16832
714 421 19555
514 487 18650
480 656 19195
513 710 13394
513 673 13008
679 507 17518
706 484 19117
799 736 14574
656 477 18722
627 652 22936
603 514 24305
777 697 16732
558 538 20997
530 503 23952
790 633 14474
498 709 13143
519 786 20545
492 415 23316
675 481 20395
551 443 19981
665 785 13041
638 524 19840
787 440 19234
779 683 15462
683 669 14762
785 623 20996
488 403 14572
448 752 23883
585 490 15382
693 465 16770
729 742 18890
454 489 20662
558 621 15879
711 493 13600
660 723 16839
467 507 19589
666 579 12562
441 656 19010
443 730 12957
650 545 13631
505 650 13889
792 416 16918
682 419 18840
721 756 18196
614 728 24260
512 752 24326
681 568 23610
475 648 16718
761 546 20390
591 433 13925
724 643 20291
631 685 17405
630 467 23981
754 605 13457
674 486 17418
622 408 18436
724 798 17639
692 570 15576
435 530 18770
743 784 22390
634 719 12630
491 636 14151
640 766 15385
572 678 20948
518 505 12861
602 405 24378
517 779 20171
549 546 14601
542 556 22392
578 766 22492
592 720 13018
768 610 22142
503 540 13309
445 664 24484
782 671 17280
702 597 24093
748 450 13338
799 728 18497
558 506 12657
568 454 21681
776 650 17826
461 550 18038
462 560 19228
438 738 17124
687 402 14973
774 426 15251
426 686 18229
758 625 15717
571 787 12495
648 776 20912
793 549 22046
420 589 17398
515 623 24681
734 599 17157
438 770 17236
591 719 24499
451 451 15576
708 721 16896
746 518 15441
678 437 18715
475 747 21933
425 710 23187
699 491 16464
582 411 23382
447 756 15814
441 428 22708
637 408 19134
703 731 19601
751 511 20314
632 416 17186
698 707 12757
641 537 24754
760 738 18559
438 629 24607
609 536 24331
760 526 22099
765 574 16429
704 718 14934
702 431 20059
629 552 18192
645 458 15177
632 615 12783
749 725 20442
559 419 21458
756 791 22452
588 566 14614
427 650 19114
731 587 14451
719 799 17004
542 728 20008
546 798 14737
567 701 13110
737 571 17178
544 757 21203
764 735 14008
518 568 18627
584 614 17044
571 800 18839
603 739 16026
441 745 19829
402 593 20477
420 712 20088
509 762 22832
463 613 20302
557 533 16199
700 470 15537
617 667 23385
578 535 15595
444 755 13419
512 426 23006
670 449 13895
440 434 13075
504 738 17978
416 487 13044
742 604 18029
776 743 22972
678 742 18370
674 453 17086
557 497 12737
485 482 24712
707 708 23792
725 680 17343
423 437 23218
407 648 20358
614 786 14900
598 420 18025
608 500 22676
617 777 13798
467 482 17401
416 628 21027
400 443 17467
743 735 20194
451 401 18215
533 556 15872
542 745 18490
572 561 19741
693 523 18027
708 494 18809
676 786 14106
436 503 23217
555 799 22017
591 495 15082
515 460 12582
416 792 12586
499 633 13503
423 726 20596
686 665 12897
532 708 19916
451 422 18645
714 575 19661
427 480 15185
458 652 19393
534 675 23490
470 422 19201
651 683 22250
697 783 19473
650 569 14710
561 527 20023
445 692 13916
547 555 15959
673 747 15050
783 758 17969
713 729 12679
798 619 16778
721 690 24109
795 773 21950
478 576 17561
723 598 18771
540 526 15721
684 544 18137
509 401 14643
501 729 18109
549 579 17410
437 657 16830
767 720 21563
749 654 14181
629 712 16930
526 570 21885
606 495 15616
515 544 19839
756 485 12460
741 604 17855
491 618 23725
531 595 22280
600 533 24318
440 652 16428
636 796 22541
585 516 14948
748 607 17000
600 634 14586
481 690 14754
507 671 20911
799 731 16418
666 597 19627
731 478 17671
501 763 19690
800 406 24710
587 460 16395
795 543 18062
522 705 23139
494 789 18135
590 683 14999
523 475 16805
504 422 19257
612 621 17247
600 583 21583
623 650 15009
506 528 16457
489 768 14482
731 798 22074
402 561 21872
576 414 14098
604 799 16503
694 725 13017
448 607 16764
435 660 20130
496 766 19849
577 629 20183
462 748 24368
613 455 19901
579 404 15948
443 523 17846
744 697 20000
664 456 13189
547 409 17741
799 519 17458
437 655 15759
515 785 19346
669 578 15311
576 485 15882
759 668 15058
569 798 13971
486 602 23925
634 797 15279
655 618 20430
655 784 22452
411 613 19597
448 736 16097
710 433 16319
551 743 14702
522 725 14956
782 577 13871
486 493 19469
644 532 12528
603 460 18031
419 540 19335
736 794 22882
553 443 14202
779 446 12874
557 406 19620
611 704 15670
428 508 16298
719 690 13521
644 769 15503
510 537 17054
688 665 19194
701 462 19064
680 489 18783
440 756 16097
494 464 14781
533 423 22208
533 562 16198
433 480 21019
744 441 19660
725 767 15199
762 477 14311
666 519 22877
553 606 16199
691 494 15367
459 658 20327
788 620 18572
738 704 21256
592 763 23957
500 442 21111
458 457 14095
438 646 24677
610 585 14940
470 447 16105
640 690 13628
600 566 18354
739 729 18899
711 717 16252
752 563 23587
445 755 16041
592 728 13423
460 506 17544
709 513 15181
677 501 17795
781 448 22648
454 409 16868
765 529 17406
683 777 19057
416 553 21905
536 455 18970
501 616 12697
542 740 15665
784 447 12549
656 569 16287
711 517 22527
682 792 14483
758 624 21059
443 625 14889
609 580 22401
484 442 13330
443 565 14633
417 519 17950
541 412 21368
790 499 13040
588 479 17373
736 723 14871
411 744 24086
774 727 22772
517 790 13972
756 626 16953
665 704 17746
467 402 14837
592 717 21095
773 756 23885
717 549 16237
800 647 16365
408 406 23108
464 688 21795
746 603 21980
609 517 13135
507 745 21910
514 780 19248
495 418 12567
688 672 19308
745 430 13014
587 705 22806
648 630 14335
513 634 20499
715 698 13241
579 450 22498
719 620 18481
604 548 17959
497 579 15477
682 757 13172
608 565 15304
662 510 18719
437 503 16845
670 433 17102
523 508 15443
777 559 23236
421 510 16123
663 509 21544
749 441 18426
781 431 14466
587 706 17000
539 696 13557
648 417 23579
624 691 16419
463 452 19824
671 583 16235
796 479 18184
560 647 20318
645 567 13656
645 542 16012
684 453 19787
550 411 20737
796 551 18395
568 686 15055
504 783 19093
514 619 21253
713 434 14443
780 742 16674
570 611 18397
501 525 13687
769 763 13614
553 637 20918
583 750 13569
642 696 22401
564 636 13613
776 642 21195
411 531 20379
504 432 20174
635 538 15379
539 793 18347
539 481 18618
434 436 20877
725 652 16105
684 701 17551
667 544 16297
765 501 15211
610 724 17890
427 546 24486
747 661 14813
448 746 19399
547 582 23084
671 631 18531
529 564 22612
436 752 14748
773 439 19350
572 474 13302
641 406 17895
600 541 17774
782 600 24118
575 552 13988
694 671 18373
459 778 21880
407 519 15245
510 781 14559
439 413 13541
478 488 13395
799 708 13174
435 687 21522
535 696 18990
617 595 15154
649 455 15435
569 692 16949
423 466 15835
725 694 13321
631 476 22710
778 680 21163
585 688 15706
774 567 16541
456 579 19208
710 680 23074
714 691 22639
434 788 23560
437 516 22838
586 780 24095
458 730 17796
559 654 22092
509 601 24657
536 715 21858
783 497 21175
711 472 16213
602 497 13237
782 647 15535
415 715 16136
440 620 18917
444 590 17976
710 656 14501
772 632 13619
516 515 15395
501 569 13856
767 587 18292
545 562 13233
767 488 19794
749 552 16794
787 674 20839
551 404 21022
744 502 20393
669 406 20587
646 650 15519
781 516 16303
737 743 15495
511 716 22491
400 448 22200
400 485 19738
587 742 21833
649 516 20070
460 720 14515
545 437 23954
698 497 15033
571 652 18592
764 612 16675
589 761 20027
632 593 18933
474 651 20047
746 695 22837
594 448 17912
712 618 23995
701 540 21625
648 467 20738
453 728 13230
491 598 16495
573 721 19225
679 697 21045
484 630 18023
686 747 16637
583 796 16769
620 573 21055
607 551 13380
462 635 14725
621 407 15606
476 563 17943
540 516 20136
476 416 17209
765 590 23259
577 739 12609
536 604 18930
652 679 20781
649 465 14762
501 515 14656
631 680 16029
766 541 21063
659 456 19459
608 453 17232
571 519 18980
688 790 14009
522 636 22496
521 531 18439
653 628 19021
481 586 15781
475 467 17416
522 529 14763
407 616 12821
617 723 21361
766 659 21227
591 505 19392
503 787 12551
585 453 18634
478 432 13937
603 440 18442
728 444 14808
556 663 19245
493 519 14424
533 479 16920
739 569 15797
637 629 15553
628 656 13843
563 661 18716
408 604 12746
568 555 24131
525 669 24544
709 565 20547
435 758 18185
582 752 13781
584 701 14058
469 401 18150
777 606 19130
710 540 21999
576 447 23182
530 669 14578
409 773 16284
400 501 23711
778 432 15646
442 572 23196
464 636 22773
786 636 15921
533 582 17049
542 697 16730
634 659 13778
581 686 23972
412 790 16086
664 550 14753
584 667 14509
526 662 21277
511 462 13030
418 622 23629
764 463 19790
627 468 17948
533 642 12648
449 401 17167
733 518 19555
412 428 15914
475 596 13750
590 579 21644
411 679 24271
620 515 22964
663 434 18765
545 671 23860
730 560 14647
492 690 16405
514 618 14032
583 470 15969
703 541 18522
748 565 24284
666 579 18015
594 668 21384
446 630 20767
572 711 23989
412 657 18018
592 401 21341
610 637 19804
469 741 18623
699 525 15412
580 658 12645
699 456 15117
747 587 20268
438 611 19653
612 464 20410
677 523 18300
734 675 19599
450 474 14529
462 653 13830
499 745 14527
624 465 22506
744 422 18440
472 485 24689
606 473 15325
800 643 24497
461 500 13996
651 782 19337
462 742 13129
765 532 16569
496 727 21481
515 605 16300
536 694 16650
620 454 19957
731 440 16032
730 764 17398
686 464 18280
538 566 12462
587 727 18441
766 460 13617
678 561 20371
696 597 22468
728 494 17775
492 622 24585
671 726 16789
703 727 18237
714 783 23898
645 673 15801
535 637 13971
637 724 13354
568 725 14650
620 734 24380
521 559 21580
463 599 17819
771 575 22333
707 434 12993
719 649 23513
547 735 16722
567 793 14198
684 591 18776
572 790 15244
566 726 14186
674 780 14215
752 767 18594
446 703 18038
793 643 18781
647 658 21875
676 800 17661
705 770 20808
470 616 15396
609 544 15310
653 736 20510
558 750 15627
642 624 20263
456 717 16940
795 639 17821
493 639 16254
700 736 13415
572 536 16158
583 594 24170
731 543 18900
722 539 13563
785 617 18342
562 579 15772
574 748 21433
413 696 21605
731 586 17886
692 799 15473
610 764 16013
743 616 15032
648 541 22675
501 749 13414
618 479 21735
498 434 17527
619 685 20239
541 581 14847
451 745 19150
635 507 24546
535 694 20671
457 479 19646
419 541 12607
636 752 22337
419 509 22313
779 622 16268
480 570 14222
626 726 17317
633 545 16841
641 784 19036
437 411 19216
495 777 12655
782 533 12424
512 707 14190
620 685 18370
714 611 15360
530 769 18841
750 748 13447
771 513 20644
405 500 18018
732 582 23158
422 685 13747
591 567 19085
685 557 15603
649 535 22675
614 468 20209
670 693 22911
557 704 17071
641 660 23171
639 583 13395
733 504 16995
568 621 22777
738 777 22669
745 474 23634
539 451 13629
516 746 19995
524 645 16704
487 712 17244
668 556 18352
700 631 16579
627 554 18220
753 609 23053
426 621 24452
492 490 20929
734 488 21521
601 401 18901
465 789 17618
468 449 22022
546 501 15096
524 420 15436
474 569 17886
681 552 21143
480 654 12769
424 508 18181
682 403 14363
437 483 15752
793 450 23528
581 729 23303
787 619 18060
529 799 18921
468 773 16319
793 729 12496
435 775 14539
630 461 24002
507 639 19021
403 704 17452
680 794 22584
479 531 12611
797 538 14695
406 442 12859
536 577 21855
767 458 22142
660 770 14174
500 748 21146
428 724 23809
605 651 14607
439 766 20291
749 428 13237
524 600 24337
782 416 18561
708 590 18775
560 426 20675
698 735 17313
470 582 12966
413 571 15256
793 619 24610
607 638 21247
543 768 17441
667 722 18961
556 500 13148
738 440 15448
795 776 19345
512 482 17641
486 624 23247
642 481 23246
539 700 19532
629 666 18048
778 507 14645
450 743 24254
738 551 21950
585 655 16423
781 677 21275
520 407 16569
408 434 13477
658 438 19424
531 794 17901
640 714 18109
596 600 24808
706 436 20081
765 504 19643
531 511 17498
581 750 14994
599 686 14491
527 446 16597
502 737 16145
572 657 13359
506 523 14765
783 561 21347
486 571 15465
650 404 23776
540 433 16372
598 519 17370
455 588 12910
672 572 18777
485 470 22969
425 552 16451
768 517 18863
668 686 17730
510 462 21378
660 762 18211
767 635 23848
730 725 12864
431 567 23765
792 783 16860
708 416 19691
713 550 17323
656 657 17187
432 795 15308
615 547 17156
650 470 17783
615 419 16166
537 511 23768
671 657 14793
649 711 22482
764 691 16436
400 667 12856
487 494 20584
661 781 19000
612 664 17543
415 729 21946
431 554 22921
486 782 18643
727 466 19969
674 483 20276
434 544 16307
639 747 14818
441 642 23518
651 448 13919
623 424 19356
718 507 20145
466 686 18544
751 736 23143
596 772 16148
539 739 17358
414 725 18069
787 636 16087
436 709 20655
734 447 19889
624 715 20253
437 618 16261
650 659 23821
800 444 18982
614 687 13511
717 436 12645
664 444 14104
642 582 20559
602 701 15248
691 526 15554
614 692 13038
432 490 19280
576 601 22668
764 534 13030
546 615 16935
431 593 15387
739 577 13908
486 658 14083
480 555 13115
457 536 19096
710 633 24646
596 468 13080
468 737 14924
646 469 12614
461 526 17199
631 435 21841
496 505 12867
675 440 22930
491 631 15191
447 789 24402
405 667 13892
631 503 20934
754 609 17862
688 752 24561
513 708 13684
703 527 12849
631 488 21370
605 489 15409
567 449 13858
526 639 13765
701 488 14284
789 652 14841
554 548 14164
635 631 20166
581 472 13143
748 701 14415
529 635 13053
712 585 20543
761 430 20827
730 500 14174
560 546 15697
592 770 14636
412 733 16591
458 476 12740
728 582 13177
598 588 23785
740 682 13853
528 601 15563
505 523 18788
406 531 14244
725 722 15863
562 648 19364
623 723 19199
529 744 12455
658 586 16425
547 706 20099
484 542 19982
663 774 18216
642 580 22418
668 701 17400
429 580 22889
746 692 21143
617 420 22615
620 525 15129
482 447 20826
607 614 17787
515 497 18886
453 573 18986
411 742 15910
664 580 12520
634 627 19453
579 429 23481
520 463 17076
674 498 14402
609 739 14238
573 669 13089
789 537 14316
401 583 12513
622 730 13278
638 766 19830
654 620 22859
401 673 18306
602 771 12699
742 695 16185
577 475 21600
458 446 13356
685 800 20112
657 500 17391
607 662 15890
608 717 13857
730 596 16026
422 523 20298
464 539 21311
623 773 24704
467 713 17805
589 705 21738
570 566 15005
567 757 12442
719 631 13017
559 742 23557
563 744 13833
671 622 20499
473 702 13635
773 519 17524
714 560 23709
527 651 16111
464 524 18301
437 668 22699
433 746 24496
588 512 17688
796 440 18009
487 799 12898
507 724 23955
773 750 13159
800 685 16910
448 719 19047
775 456 18126
703 537 21421
664 797 16545
767 486 22952
574 618 12829
487 682 16439
628 537 23662
662 544 15705
648 451 19056
760 793 24463
476 632 18452
435 428 24029
465 587 23929
755 682 14000
721 565 19072
450 768 14868
604 585 17959
570 406 20724
788 555 12939
412 660 17906
746 710 14762
567 665 14651
508 441 13422
427 599 15254
636 798 21153
744 598 16357
511 633 14982
428 620 20051
482 617 17525
800 412 15687
502 508 23632
762 791 21109
518 419 16211
649 794 16165
584 659 15920
589 552 20339
527 723 14338
612 703 14975
749 711 17954
718 545 16016
783 518 19599
749 597 17125
579 552 12598
493 582 21177
551 503 19220
516 521 12641
677 466 16196
505 599 12855
716 515 18661
674 477 15394
710 567 14832
737 565 15315
670 754 14645
661 656 17981
407 637 17795
543 413 13542
592 765 15991
470 425 16930
611 665 20709
491 712 22306
530 444 15950
638 732 14175
605 707 20835
444 682 20411
699 485 14932
565 414 18972
545 434 16335
487 467 22331
546 571 17026
518 404 16010
756 413 13989
797 757 14645
601 508 22512
491 656 17399
757 410 21365
716 561 16762
461 611 18699
592 456 24020
790 470 13589
553 464 14024
502 464 16717
517 516 20259
505 795 14544
491 457 16303
416 495 16980
410 445 14367
448 535 18586
400 622 22326
576 624 22214
424 487 23553
789 425 20197
438 638 13991
654 713 13223
640 770 23339
505 511 22087
677 506 19875
605 735 19319
625 475 23100
468 762 21605
446 791 14296
645 689 15025
674 721 14346
415 682 19685
560 603 22295
631 550 16457
425 629 15369
585 452 17507
678 608 20674
568 430 15445
485 432 20241
454 788 13282
786 530 24212
648 611 12504
685 767 14992
662 516 24474
614 607 13370
425 614 15457
753 763 22010
569 552 24107
502 703 13074
568 602 24307
768 756 21155
445 743 20078
744 637 23106
619 697 15820
434 784 13388
797 427 13429
663 653 23804
717 415 14589
739 676 22948
607 645 15492
587 418 19728
430 657 19399
772 749 18812
749 401 18934
542 586 17329
708 512 19914
495 798 19124
776 773 16716
722 447 17941
603 588 13419
693 618 23699
604 450 13638
732 554 16920
629 414 13301
757 610 21128
689 746 24562
578 650 15829
501 730 13700
763 731 23507
583 672 23094
678 583 20673
429 491 12709
540 737 16170
688 465 19335
759 602 17476
412 433 15330
413 622 17234
692 473 18907
484 706 21021
533 510 20227
553 591 14062
412 710 20243
421 640 17851
590 645 12969
753 722 14091
539 478 17725
791 457 16715
430 740 15641
551 694 21986
775 400 18133
750 766 20265
636 703 24608
417 542 15787
505 745 19213
627 457 21110
427 553 21531
501 676 16175
603 520 17325
737 728 13537
784 423 16354
734 665 14531
758 667 17477
671 410 19354
526 620 23579
460 502 12672
561 405 13766
768 415 23409
701 781 15822
420 642 23279
427 628 14679
588 695 17640
407 596 19045
763 706 17943
581 631 14191
570 508 17108
428 674 13300
693 751 19251
678 756 14881
569 535 17485
648 513 19713
407 473 13016
422 790 18659
631 413 18936
501 531 21302
487 702 21185
503 458 18487
727 669 16544
419 528 17255
569 559 23953
643 726 17995
665 519 14115
661 729 20183
411 759 24187
552 619 18879
413 671 13047
533 421 16636
528 517 22881
756 769 21738
680 639 18493
543 619 15386
606 792 13591
460 777 21911
756 534 21155
740 669 20169
657 698 23513
607 504 16700
761 669 19848
446 789 14168
693 428 16807
790 638 17963
479 555 14554
432 736 12481
646 796 16138
408 441 19959
771 751 19511
540 706 21987
490 671 23571
424 635 13135
455 525 12683
403 431 18304
775 649 19802
696 670 18254
757 609 13684
601 468 23926
649 628 17667
501 460 19347
663 527 22967
516 610 17683
760 667 23892
532 526 24713
595 570 22894
705 622 20141
456 614 19582
781 658 14830
447 697 19128
494 634 17365
517 522 17340
544 736 20082
629 504 12461
510 651 18324
585 591 23662
495 697 14959
460 651 14720
731 674 16521
668 714 22700
730 680 17008
565 557 19545
687 798 17861
436 473 12693
657 447 14522
796 498 16864
625 667 18240
666 752 21876
644 423 15497
515 719 17223
666 489 18443
489 681 18410
795 543 24120
479 507 18585
422 663 13298
511 430 17803
511 668 13364
408 529 20462
575 456 22271
507 558 16699
691 716 17126
689 453 12909
457 414 12901
704 468 19900
727 435 22365
630 703 18514
531 633 21593
454 417 20163
664 439 12454
641 715 22660
429 530 14235
636 647 17237
405 563 13040
633 433 13996
697 566 12601
473 583 15233
668 409 17941
585 481 24449
469 453 16581
729 671 23707
702 652 23339
435 562 19161
794 516 15976
428 630 22205
410 557 18864
547 443 22926
704 421 14473
645 536 16762
736 435 13348
548 657 12811
562 779 17534
515 665 22731
797 673 21461
640 606 21136
669 417 14999
454 594 14641
741 563 17433
440 403 19206
763 786 16367
693 619 17544
670 480 12413
601 523 15168
748 643 22291
798 662 22650
674 488 13509
413 631 19091
661 712 19811
770 496 18774
489 539 16920
450 703 15320
797 522 13393
440 772 16470
508 669 12432
634 418 22786
573 525 22790
582 759 21059
779 725 14843
715 793 15223
435 549 22241
614 504 20702
442 578 16914
436 514 22824
667 728 24025
776 743 18913
669 557 20326
740 696 17704
525 669 24472
401 661 16371
677 789 17291
504 625 19554
415 435 12926
569 699 18801
628 595 18540
571 412 19091
672 400 20684
502 764 24807
598 698 24174
627 652 15689
663 582 21355
656 787 19517
431 764 20731
642 758 15914
575 595 18193
787 671 16343
724 439 15775
621 442 19883
731 568 15956
633 479 13048
523 722 16155
623 518 13313
453 531 21327
754 652 19241
403 607 18520
430 687 13202
427 776 20141
629 760 16415
557 651 12409
477 655 19559
567 527 17870
456 652 23230
448 458 13895
712 661 22927
643 533 13664
632 441 24094
528 412 23872
747 714 17485
607 755 15726
665 433 24082
773 545 14837
526 504 21826
780 518 16026
460 650 15284
569 630 16521
575 746 20332
654 529 20688
430 720 16786
513 463 13547
556 670 20004
441 722 15240
738 459 21731
717 702 16228
620 748 18598
505 444 18314
560 655 22554
526 458 21845
454 663 17543
690 618 17120
527 624 20070
589 625 21993
621 752 23717
750 521 14917
720 774 18594
417 482 17322
749 660 20243
643 622 15001
710 537 18343
467 612 13321
773 492 15147
553 451 18727
795 460 13084
704 546 14145
646 762 20173
567 596 16048
470 647 12515
455 449 16084
541 416 16098
615 777 20039
687 521 19405
695 521 24409
677 674 13244
529 680 17573
677 612 13750
424 552 17229
560 772 13504
443 674 16833
639 759 18091
539 773 14016
793 498 16268
403 713 20219
483 576 22021
716 746 20068
760 676 19671
741 626 19023
687 539 15294
713 708 17597
719 472 21136
752 780 21380
649 582 16403
479 520 22219
483 410 12849
502 715 13231
765 713 18331
515 610 18286
566 559 14667
429 456 14311
425 758 22774
722 442 16094
569 486 20435
778 608 16905
604 641 19945
477 410 14205
615 644 18918
556 733 23458
655 504 22903
763 698 17659
722 561 14602
685 653 17562
473 740 18312
565 784 13641
784 412 24422
515 569 14409
421 510 20481
536 557 16584
790 739 15152
482 608 22691
793 652 19354
539 489 22868
523 690 22786
670 763 14407
721 452 13432
763 514 13189
540 490 17200
438 504 20550
582 766 22313
670 439 13254
465 686 19055
595 792 17133
545 671 14067
450 563 14961
480 575 18226
711 689 15994
567 666 22297
719 699 20028
652 424 13023
647 562 19467
722 435 13667
553 441 22212
773 764 14081
496 468 21726
539 713 20909
776 605 13871
525 504 12783
647 689 22906
511 480 14331
556 710 14322
514 673 13867
539 545 15474
515 498 13125
410 458 24734
769 578 19777
433 579 12981
645 532 17666
421 653 16130
479 462 23779
741 514 13871
677 701 16614
421 500 18123
596 550 14272
655 770 23903
726 525 12648
430 730 23338
631 414 20549
661 792 15563
698 748 19089
788 426 22653
747 708 13183
461 615 12602
552 586 14170
669 421 19503
518 479 14415
682 453 15193
476 557 15812
650 427 18978
599 634 18566
759 795 20319
661 594 24432
476 791 15896
443 432 17405
442 420 16737
674 596 24323
431 641 17007
708 713 24457
641 484 13163
676 511 14144
611 784 20054
602 452 16190
406 606 16554
702 479 18777
787 766 16006
664 695 15874
535 496 21675
485 509 17124
471 656 20846
428 581 18550
469 424 23320
451 690 17449
557 431 15570
594 578 13112
797 787 19799
583 728 19491
433 499 20252
529 799 22011
606 737 18097
633 774 14456
403 749 20186
692 658 18811
458 402 16005
800 665 22685
790 522 14204
423 593 23330
743 636 13626
506 601 17224
472 511 18622
650 403 20815
401 416 15539
579 644 13385
651 435 19211
433 459 24592
601 660 12739
498 455 22672
779 488 16094
679 745 15511
441 669 24293
791 575 22316
719 530 16209
445 563 12709
482 488 22708
793 513 15791
637 714 18347
770 715 16337
728 710 13839
646 627 22825
476 670 19099
652 464 16338
773 552 14849
408 653 13509
757 490 23339
509 479 16276
720 649 14936
706 785 19829
436 678 18840
666 465 14679
669 591 23101
588 734 13877
684 595 20511
750 439 23008
413 558 18218
593 721 18622
653 528 17542
716 652 18490
708 579 23380
562 517 14407
429 484 19932
732 599 22596
800 522 17358
518 784 21164
514 623 19888
644 467 21749
641 475 19031
763 522 22578
485 609 14592
667 531 19335
752 437 21660
421 670 17081
678 493 20382
643 725 18971
707 469 14273
533 683 14284
769 650 14229
468 684 18125
624 465 16110
694 695 18365
640 737 15365
717 555 20092
472 503 13997
428 463 17114
576 412 19319
557 573 13332
513 433 23834
640 409 22300
493 577 24229
789 446 13944
505 571 17805
494 605 18454
507 677 17922
648 726 22636
660 740 20263
507 501 18728
557 710 18315
724 623 18694
765 530 14640
512 725 14649
527 788 17489
619 520 18536
728 502 13638
753 721 13648
511 408 21266
793 764 23598
439 624 19690
677 426 19238
402 533 12680
605 531 13017
729 517 23046
471 760 18913
784 429 23852
429 614 24418
682 499 14228
701 681 14048
571 470 20909
728 666 20165
645 783 15684
545 573 13079
728 458 15518
407 796 15039
449 641 15517
488 480 24160
401 555 18587
561 782 14446
662 484 17156
591 459 18187
633 530 15570
408 494 16122
606 474 21340
439 435 18660
664 516 13171
519 480 16679
626 771 18759
566 525 16628
411 646 15251
670 673 16382
794 715 13656
417 699 19562
761 668 18463
633 422 14380
615 750 19930
452 420 18305
419 420 19980
477 505 12931
621 496 22990
560 442 17750
681 562 23498
452 800 19658
743 542 23264
501 580 21958
646 645 15522
555 643 14830
418 526 16207
588 695 24562
696 540 13899
511 647 14610
583 480 12619
566 524 18935
571 706 24471
752 453 14632
772 438 22217
451 451 17237
563 451 16394
400 720 12958
519 732 18354
575 675 18384
755 717 14436
782 479 22087
473 691 12996
608 649 15545
649 631 13204
691 689 12684
656 556 24737
617 655 18494
402 711 21890
415 710 13963
519 779 20619
436 566 17621
684 554 14160
602 476 13681
678 441 16012
777 477 23974
561 598 18919
576 471 24616
683 443 16610
459 423 22748
537 450 18406
730 538 15799
536 793 21161
477 442 13076
425 560 14401
493 580 15255
600 571 23170
419 473 18961
569 644 14863
714 680 15422
477 526 14188
777 501 16397
646 610 18346
738 604 12780
689 464 23625
410 564 13073
526 648 23060
649 686 15212
418 495 23699
622 663 14146
438 523 19243
734 447 23506
712 563 12810
555 781 24564
750 507 13998
583 737 12965
774 772 21017
750 419 23147
433 547 18626
577 467 22404
477 745 19417
532 666 22947
664 579 14200
787 606 16044
569 648 17596
566 753 14699
641 585 13109
500 717 16898
625 532 13786
521 710 16697
620 708 14403
792 539 21573
445 657 17956
442 582 22175
618 735 20289
517 717 15034
756 715 14789
724 608 18221
729 568 18822
459 561 18697
661 577 16479
432 723 13954
687 531 15844
511 528 17620
500 520 19168
646 690 13405
698 447 16109
566 496 13237
771 762 17720
447 784 12707
678 512 16298
633 584 21301
687 489 14508
629 408 13672
552 444 12945
729 767 22237
608 663 21985
636 787 13740
630 664 24318
754 586 15399
630 400 17920
613 620 16860
590 565 20199
785 755 12957
420 620 22016
469 749 18627
792 723 14361
688 595 15132
497 654 19265
580 652 14346
442 548 21218
493 627 16324
534 486 19672
776 646 18370
610 514 24237
682 729 18920
722 424 18171
693 636 14194
627 535 23760
686 666 19083
579 519 14897
432 794 19320
725 422 14379
667 538 14485
760 531 14574
537 462 17347
700 669 16118
453 528 13857
516 681 23595
512 494 14166
480 472 24220
509 473 22932
676 734 19254
515 743 22556
631 787 15786
468 462 13698
507 733 15297
458 766 15093
656 456 23758
641 465 21098
476 602 16301
463 445 14264
675 421 15016
516 674 14589
499 622 14628
403 698 18012
522 443 17032
599 416 23089
778 759 19065
468 496 15499
515 439 19213
640 606 16584
667 400 23304
603 413 18143
632 741 12593
450 609 20373
539 542 20447
463 489 24772
796 469 21048
736 764 20916
779 507 24172
556 624 20608
559 450 14609
588 544 21236
647 625 23328
470 407 13218
774 480 16827
610 560 19561
514 591 12566
490 676 21581
489 752 15830
761 434 17522
730 674 15909
763 476 23025
655 443 19016
542 657 17394
721 423 16489
773 676 19119
730 658 21704
724 667 12879
575 600 15733
741 424 12434
504 591 19714
779 757 20092
644 440 24498
766 796 13313
560 580 23862
751 500 18044
774 793 17602
468 599 18982
408 626 13921
659 624 24705
556 710 18535
577 771 18005
484 546 19377
749 614 20793
761 675 15873
571 651 19051
757 776 16384
796 741 23711
647 441 12754
667 517 15998
508 734 12799
538 773 18693
431 430 12741
634 477 18512
633 663 20510
552 409 12685
615 503 24561
619 659 22548
503 772 12435
565 721 23003
644 472 18518
756 799 20667
786 646 18955
730 633 13044
624 698 18876
402 459 18541
722 677 21170
468 593 16272
720 481 13372
515 667 17876
584 625 19407
755 511 19826
434 738 23837
696 693 21228
666 558 13573
425 603 13107
715 592 12431
703 619 21776
711 651 24688
522 520 20221
586 782 24722
484 432 23046
635 405 16355
686 427 23417
692 486 17908
739 637 16966
567 635 15056
660 730 14127
678 690 18814
471 717 16464
651 421 18272
684 496 14161
765 466 18898
752 731 16285
800 678 18894
654 605 17006
541 507 14858
506 546 15437
407 587 23461
757 632 24259
599 720 20092
535 562 19184
593 722 21763
494 420 23098
589 575 15629
592 489 21954
766 418 14708
618 657 14925
428 563 13188
657 419 20163
415 706 16013
679 545 16475
637 585 21135
429 559 22917
442 648 17522
449 513 15024
785 505 15703
790 561 14463
751 681 16332
774 695 15928
709 549 13007
538 514 19919
601 581 12420
577 589 18422
765 408 22262
531 412 21694
440 727 19249
682 745 12774
612 596 14887
490 416 15546
500 631 14198
444 583 19823
680 696 13424
765 658 17324
551 445 14461
737 622 18528
676 568 13115
657 415 16028
434 597 24217
463 680 16056
499 451 15374
475 785 23032
561 478 23475
400 489 12808
694 505 16401
496 626 13332
468 651 20515
702 534 14493
720 455 15782
405 535 12672
498 512 14466
537 457 14156
563 412 18425
532 448 18910
744 643 17545
562 447 15158
524 430 17684
606 770 23222
503 453 24500
504 665 15768
529 688 13524
531 568 19623
734 638 18351
612 406 14927
771 534 16657
604 638 16764
572 661 17050
594 640 21243
456 517 15207
615 557 22228
691 784 12507
488 633 19151
718 545 16767
796 436 14580
684 552 14966
679 529 18413
534 588 18001
416 470 17491
556 652 22382
445 734 20322
557 617 12441
711 782 13454
546 549 21207
759 624 20736
481 573 18110
591 456 17915
723 768 20829
750 482 17886
545 745 24053
763 552 24249
639 626 20029
576 767 17502
434 522 14308
541 748 20186
492 799 17452
417 798 21966
612 665 19908
449 461 22163
702 429 16623
400 563 17059
716 411 21842
557 642 21824
431 518 16305
557 636 14879
579 523 21101
671 491 18321
600 736 17220
465 779 15076
439 502 14079
743 721 15039
486 511 13005
480 660 14577
579 544 17384
456 772 20766
653 719 15848
610 479 13184
705 776 16486
701 522 14122
747 618 18196
644 641 24647
521 726 21039
469 499 13388
547 492 16344
404 419 18345
407 667 22754
626 583 23777
580 699 22135
643 501 17494
740 512 23700
772 598 23416
522 602 13938
623 697 22915
574 779 21574
478 797 19019
601 449 19997
499 748 21056
777 716 15795
495 458 16285
578 458 21014
790 774 22705
626 451 18615
504 687 14603
431 740 20269
482 596 21430
487 558 14548
751 598 18393
796 742 20617
540 497 14143
433 730 23458
410 795 13344
440 511 19713
625 461 18002
538 629 17172
586 775 13164
660 691 17256
660 582 20526
690 561 19635
570 490 21698
652 402 15507
660 426 16667
480 549 20198
751 708 15060
409 623 23424
609 660 22935
514 680 12887
627 508 22185
653 503 17660
506 504 14255
505 499 14583
567 467 12956
418 713 13933
706 557 16941
620 601 12893
698 698 14023
442 554 15265
606 764 13301
434 429 22138
729 747 20531
663 415 12876
796 520 18846
633 507 17183
550 444 23011
456 670 19375
583 506 14660
677 502 22483
623 563 21480
720 740 23391
663 437 18272
547 586 16015
465 484 18325
701 565 18677
779 561 18209
756 702 15474
731 672 17591
675 475 14646
528 401 15507
671 800 14698
756 687 16497
664 799 20064
507 405 17604
441 534 15839
466 413 17466
489 512 17591
773 506 15051
626 571 20898
623 789 16257
508 449 15998
744 461 12670
796 692 21687
517 724 16754
502 417 16426
668 438 24382
606 718 13115
712 406 13997
749 709 16414
600 473 23808
436 526 19236
741 640 17971
691 464 15318
726 702 23574
608 511 20481
653 796 18702
764 724 17277
698 486 23180
478 743 17100
620 709 15425
651 788 12510
569 781 23785
599 415 19586
