60 169 59 60
59 1
59 2
59 3
58 57
58 56
58 55
58 60
1 4
1 5
1 6
2 4
2 5
2 6
3 4
3 5
3 6
4 7
4 8
4 9
5 7
5 8
5 9
6 7
6 8
6 9
7 10
7 11
7 12
8 10
8 11
8 12
9 10
9 11
9 12
10 13
10 14
10 15
11 13
11 14
11 15
12 13
12 14
12 15
13 16
13 17
13 18
14 16
14 17
14 18
15 16
15 17
15 18
16 19
16 20
16 21
17 19
17 20
17 21
18 19
18 20
18 21
19 22
19 23
19 24
20 22
20 23
20 24
21 22
21 23
21 24
22 25
22 26
22 27
23 25
23 26
23 27
24 25
24 26
24 27
25 28
25 29
25 30
26 28
26 29
26 30
27 28
27 29
27 30
28 31
28 32
28 33
29 31
29 32
29 33
30 31
30 32
30 33
31 34
31 35
31 36
32 34
32 35
32 36
33 34
33 35
33 36
34 37
34 38
34 39
35 37
35 38
35 39
36 37
36 38
36 39
37 40
37 41
37 42
38 40
38 41
38 42
39 40
39 41
39 42
40 43
40 44
40 45
41 43
41 44
41 45
42 43
42 44
42 45
43 46
43 47
43 48
44 46
44 47
44 48
45 46
45 47
45 48
46 49
46 50
46 51
47 49
47 50
47 51
48 49
48 50
48 51
49 52
49 53
49 54
50 52
50 53
50 54
51 52
51 53
51 54
52 55
52 56
52 57
53 55
53 56
53 57
54 55
54 56
54 57

