9000 100
   4  30 100  24  63   0  10   8 137 116 104 107  24  69 123  72 131 115  73 124  21  75  88 116 115  83 102 143 149 101  12  74  76 142  50 105 116  29 137  88 103  14  42  24  81  26  40  86  42  91 111   0   0   0   0 120  91 111  51 122  14   0   0 100  85  54  47  98 135  71 115  82  61  89 100   0  60   0  82  12 125 139 105  74  23 141  19  45  15  83  15   2 135  49 135  53  10 114 138  19
  60 121  16 139  48  34 103  94  81   0  22 132  65  23  27  56  54   0  75 101  85  55 131  38  83  54  93  68 104 112  27  40 105 144   1 134 129 144  59   3   7  63  22  46  82  22  11  49  98 134  38 102  23  61  21  79  85 129   0  11  99 120  62 148   6   0   0 143   0 114  74  89 138  99 115 134 109   2  47   0  39 137 134  73  56 111  51  76  15   3  53  96  95  74 149  29 103   4 120  25
  11 118  64  33 132  71 130 108  31  99  28 122  70  22 130   0 119  71  75 117   5  43  69  12 128  45 137  61   0  37  52 129  37  55  64 113  68  92  36 108  26   5 134  77 100  87 146  23  92  72  69  49 123  23 112  51   5 103   0   2  87  28 121  73 112  56  78 109  89   0  52  86 101 149  14  41  35  12  77  33  62  75  55 118 102  79  34 146 145 123   0   9  57 129  59  41  27  61   0   0
  15   0  40  17  60  78   0  48  41 128  75 108  63 145  87  72  48  72  69   0 149  68 123  62 126  42 132  93  71 130 146 105 135  71 121   3  34  76  83  50 114  24  66  83  77 134  90  63 141 109  38 140   8   0 132 141 147  57   3 118  75 140  24 148  50  62  15  44  10 126  56   8  59   0  62 106  66   0   0  79  93 125  68 100  63  86  13  87   3 100  54 120  11  77 116  58 133  21  93  13
   5  20  14  93  86 104  13 145 120 105  64 110   0  92  91  47 130  39   0   1 132  10  56  38 136  22  94  58 127  25 114  24  44  62  36 129   2  78  94  84 118 109  24 134   0 134  18  64 117  62  85 132  59 137  97  18   0  77  41 100   9   0  22  31  23  95 146   1  29 143  22  42  76  48  12 133  58  72 119   0 130  19 121   0 143 128 141   0  42  35  15   5 146 103  50  83  48  14 119  81
 101  47  84  78  64  40 108  73  48  80  19 117  33 145 121   0  81  69 124   0  95   1 132   7 128 140  15  43   0   0   0  45  59 111  54  30  54  41 140  40  41 131 127   0  71  28 114 102  99  49  36 109  30  98  75 122 146 113  66  26   9   0 122  35   0 129 108 112  42 112   3 106  84  44  77  71  49  16 107  96  34  20 134   8 140  94  10 113 128  89   7  75   2   0  89 122  27  11  94  10
  22  24  88   0   8 112  71  24  80  38  65 102   0   6   0 139   8 141  12   0   0  99 100  52 139  66 109  87 133  71  44  68 139 104  49  20  32  94   0 147  21 134 148  78  59  22 129   1  48  65  93   0  62 120   0   0  35  12  73  91 134  27 144  40 109  65 118 145  82 147  51  62  75  71  79  71 130  15  14  76  54 120  72 126   4  65  36  35 105  12   3  69   2  58  17   0 119  13  84 110
  12   0 129 117  69  13  11   0  57  76 135 109  62  55  85   0  57  70  79 143  64  77 125  28  47 144 133  13  87  98   0  62 115   0 116  97  57   3  97 143  95   2 107  16 113  44   0 105  42 114 104  50  78  62  78  86  57  77  90  80   0   6 127  52  54  40  72 105  69  36  94   8 115  10  22  15  25  78  21  85 107  60 126  87  54  67  96  96 111 122  21  18 147  21  42  50  97  18  75  30
 102 107   5  62  64 127  24   0  90 101  93   2  59  99 145   0  10  19  84  84  16  17 125 146  46  32 146 131 127  56   0  48 112 143   3 103 129   0  13 128  16  44  86  76 132 128  37  15  71  52 123  81  60  64  98  55 128  48  90   0  37  56  39 101 129 115  97   0  23  83 110  22  33  41  97  82  44  27 124  51  60  46  57   0 116 101  94 103  19  11 130  72  22  99 119  73 148 101  43  96
  87   0  68  26  40  50  32 142 130 113  18  27  30  78  31  57  38  31   0  42  62  66  68 113 111 130 133  40 139  37  16 145  90   7 121  87  16  82  50 145   0 145 118  78  89 118  97   0 105  72  36  78 122  84  65  34  75 129  10   0   0  82  88 138 113 110  68  57 117  91  27  11 147  76 118 122  48 146 116 135 106  55   3 104  90 137  86  75  62 145  29 119 115  96 112 108  71 112  57 144
  65   3  85 127  43 100 133 126 132  37 100  44  81 126  66  82  31  80  26  45  48  37  55  53  83 122 137  91  52  65 120  59  41  60   0  26  86  54  52  11  38  82 102  52 116  70 143   3  78   2  37  98  31  26  61  31 128  19  15 138  70  69  71  46  23  59  47  24 131  15 129 100 111  13  15  79 131  91 100  33 122  28  43  34  77  24 120  64 132  47 110  70 130  83  66   0  87 114  88  33
 101  77  53  80 100  32 138  19  48 111 109 103  24 105 114   0  32  59  84  30  45  33  73  56  80   9  41  12   7   9  23  22  40  67 114  80 140 121  81 106  47 145  24  70  58  55   3  68  21  15 120  18 133  63  14  49 107   0  23   0  72 133 137  51  35  66  35  79 111 109  70   0 109  20   0  88  82 110  91 123 107  47 118  20  81  51  75  40   0  70  92  91   6 142 101   0  14   2  26 122
  68  34 147 119   2  41   0 132  89 118  52   0  74  93  54 140  27  38 106 131 105 120   0  87 112  40 137  58 146  44 122  75  84 142 116 102  60  96  47  31  34  95  40  91  81  90  60   0 120  92  71  71   1  44   0  19  90  80 115  95  62 112  16   0  14  51   9 143   0 149   2  69  36 105  11 124 110   1 113  63 122  81   2  99  89  14 106  63 118 117   0  24   0  42  66   0  94 120  42   7
 148   0  36  73  57  30  56  67   0  57  62  58  23 141  82 101  72 142  71 110  57  25  95 149 130  82  46  27  44  24   0 119  74  95 123  59  20 148   7  44  90   0   0  47 112  96  67  54   8 112   9  79  75 142  54  71  12 139   0 128   1 116   2 106  82 118  41 147  88  14  70   3  68  74 109  11  69  20   9 149 125  82  45   3  27 101  96  93  84   5 103  63   9 128  13  20   1  56 117  90
  97  17   0  21   4 148 133   5 114   0  19 105   0 135  41   1 111  34   0 140  81  98  77  16 148  40 136 102  36  97 140 148  92  81  31  86 135   0 117 137 127  20 102 139  99 144  20 125  28  11  98 102 146  22  58  80 107 145 113 100 132  59  90 122 138  57 142  70   3  12  40  39  66   0 131   5  23   9   2  74 136 105 145  53 133  21  65  92  61  11  15 108   0  78  33 102  66   4  89 105
  97  20  76  16  57 132  44  92  94  96 126  40  98   9  54 142  15  82  35  63  16  58 139 138  72  52 140  51 142 136 123 143  70   0  48 107  91  51  73  18 149  50 134  92 115  75 141  87  27  77   0  40 134 136  86  56  34  49  50  43 148  34 136 128   0  71  39 107 112  78  38  45 124  15 103  92   4  18 128  17   0  74  16  49  57 111  82  83  73 133  59  59  69  20 141 136  91  40   3  93
 142  16 140  21 146 124  87  96 118   7 145   8  63 108   4  30  92 133 105  95 119  30  58   0 126   4  13   7  52 114  74 123  32   1 141  58 133 130  33  70  42  33  54  76  86  33 104  23   9  50 146  54   0 149   2  71  55  75  97 116  11 135 114  75  68  16  85  94  62  57 109  15   5  55  64  46 112  84  43 134  69 142  17 131  62  10  63   9   0 119  82  48 128 112 117  10   0  77  27  39
 108 121  43 127   0  50  15  92  97  52 137  66  44  48 135 124  99  60  33 116 124  83 125  57  86  87  97  77 143 142 146  43  21   0  33 137  80  35  51  83  57  68  81 115 123   0 110 107  15  77   8 137  99 102  47  11  73  26 104  63 137  79 124   0  87  16 102 120  98   0  17  99 137 135 140   0   0 144  61   9  10  65  58  66   0 110  81  12  83 109 138 101 143   0  10 120  33   2   0 116
  83  31  67  59  65   4 110  74  77  60 105  82  58 139  57   0 125   0  98 106  73 139   0  79  69  59   7 132   0   0 115 114  46  38   0 105  91  76  16   7  82   0 122  86  28 106 111  59  26  15 148 121 147  98  40 106  21  36  87  61  30  55 133  20  81  97  84 144   4  80 106 138   0 101 136  60  38  67  70  77   7  24  88  57 149  79  12  46   0  77 103 107   0  91 149  71 123   4   0   0
  41 122  30 145  62  71  88 105  65  50  33  57   3  16  34  18   6 121 137 136  26 140  57  90   5   0  91  91 114   8  80  65  56  26  65 148  40   6  60 142  66  22  52 111  12 119 120  96  39 125   9  94 148  30  85  11   0  50  62  61 134  63  45  69  66  26 137  93  94 138 122  39 106 130  26  11   5  88 117   0  12 100   0  33  14  81  39   4  90 132  55 141 107 118  71  30  87   6 130 143
   0  36  54  25  32   0  64  72  90  30  84 131  67  75  95  67   0  61  29  33  36  49  20 141  20 142  67   2  40  31  94   0  78   0  57  49  88   1 113  83  85  71  54 127  63 122  85  33 108  98  53  78  41   0   0 140  57  44   0  77 129 100 107  18 134 137 143 144 141  79 128 103 147   0  17  28  45  63  72  45  44 112  62   6  46  80 143   8   2   0 145  53  58  79 103 124 108   0  67  92
 104 138 121 145 136 111  36  50  56   1  10  84  86   0  33  43  43 137  20  55 127  87   0  13  91  57  67  81 147 122  62  61  94 111  50  25 122 140 109  82 107 138 109 122  64  84   7  14  73  98  92 121   1  93  99  16  48  40  70  64  33  87  86   8 114  91  99 122  91  59 136 113 146 146 141 140  11  64  55  44  28   6 124  76  41  64  99 149  18 124  11 138  13  62 140  48  62  94  13  32
   7  98  36 127  13 137  60 146 114  90 139  26   0  25  23   0  43  56 120  19 129  16  85  20 103 146 127  22  59  39  55   6  13  11  49 140  13  43  59  15 104   1 112  76   7  91  33 135   0   4  46 142  61   0  95  38 115  95  77 103  15 106  32  98  29  60 133  39  67 145   7  44  40  21  83 118  19  71  23 102  17 107  90  67  12  46  45 136  52 135  86 146 142 143  64  86  72  55 138  86
  74  35  13 113  60  88  62 135   8  40 134 134 115 120  93 141 148  57 144 117  71 136  45   0  13   9  48  68  12   0  19 111 146  23  69  68  67 111  74  55  72  28  65  61  39  10  71  22  31 141  15  23 108 125 117   0  49  24  33  84 129  63  60 104   1  40  28  25  26   0  35  48  31  93 144  65  22  55  76  20  20  77   0 127 134  76  18 149  76 111   0   0 131   7  94   0  35  48 129 123
 112  65  30 125 107 148  65   0  26 106 133 132  99  58   0  14 113  59  67  68 131   0  20  75   0  95  82  63  84 118 133  22  43  76 138  11  63  55  95 133  14  96   0  12  40  24  92  50 111  83   0  63 146  66  69 127  78   2  63  59  66  67  38 105 126  27  52  99  59  45  96 104 102  69  71 118 145  93  99  60   0   1 137 104 106  54  44  79  96 141  30  82 130 141  18  73 103  38 132  27
  72  61  98  76  73   7   0  87 141  51  75 142  93  56  76 146  31 124  91   0 139  85  60 137 116 126  87  90 106  53  46 127 124  67 112 144  23 118  45  52  95 111  17  30 104 113  35  19   0  85  23  81 131 123   0  66  67  11  35 120   0  51 121  33  14   0 103 120  26 141 105  50 137  20 128 102 113 117 120   9  12  30  32  35  63  22 143  81  29  14 127 147   0  94   0  54  69 131 107  80
   0  99 135  40  82  72 124   0  80  64  29  13   8  14  23   2   0  64  55 133   0  97   7  59 111   0 129   4   0 104 132  29 134  18 134  67 114 105  79  79 141  16  94 139  20  15  89  51 106  22  50 128 134  96  44  95  23  96   0  88 123  28  85  82  19  56  44 116 146  77  24  20   4  16  63 103  79  27  88 104 125 106  15 140 114  53 128  58 112  82  74  23 125 120  82 113  68  66  60 105
   2  81   1  60  50  44  75  53 126  84  80 103   0 123 148  86 138  66 136  10 114  70  50   5  97 127 122 133  14   5  72   0  80  67  84   2  39   6  52  21 147 141   0 144  59  20   0  93  13  90  12  12  38 123 129  25  55 106 101  69 139 142 146   0  82 109  38 118   7  21  65  42   6  37   0  36  95   3  99  46  38 114 108  54  97   0  96  59  16 140  73  42  27 134 104 137 109  56  14  14
  55   0  92  93  77 141 123 138 143  51   6 113 146 115   1 138  14 114  14  16  45  61  21   0 129  43  64  83  33  32  77  72  27  23 112 149  56  63  27   7 120   7  23  69 116 146  27 109  25  14   4 107 143   4  37   0  62   0 115 132 115  94  21  89 104  51   5   6  10  56  73  88 138  70  85  51 101  49   8   0   8 127   2  60 104  79  43  14 146 126   0 116  52  48   0 120 129 103  95  37
  85  87  25 108  81  85  94  49 132  93  75 115   0  28  56  72  83  17 130 137  24  76 130 148 107   0  32  90  51  52  71 121  85 117   0  69  10 104  12   6  21  15   1  70  60   0  74  52  82 115 108  47  57 137  57 141  30  32 140   0  25  16 106  83 126  26  16 115 121  26  78  36  14 119 105 116 109   6 115  96 141  63  32  46  82 107   3 111  38  45 117  37  20  10 140 136  17 122  10  82
  79  47  32  44 111 128  41 103 129  61  76  48  66   0  87  31   0  49  77  59  11  79  69  46 100  17  64  42   0  46  21  61 133  29  94  89 129 120  94  94  70  39  68   6 125 102 148  13 134 120  36  80 130  72  36  46   5 148  27 141 120  14 141 123  15 144   0  41  85   0 138 127  53  42 144 131 110  97  15  94   3  72  81  91  22  40  98  76  77 145 113 127 137  87   0   8  13 124   0  51
   0  59  91  80  72 109  80  53 133  29  74 110   3 128 107  25  20  71 124  10  47 130   3  95 142 113  41  42  30  39  95  91  92 133  82 140 101   0   0  40  67  82  70  49 125 120  58   9  76  32  45  29  66  99  85  78  76   7 123   0  94  32 141  74  28  48  94  57  98   5 125 143 106  30 101  46  57 123  83  65  33 110 103   6 111  10 146  26   0  15 142  12   1 125  33  48  60  64  60   0
  52  93   0  46  60 135   0 132 100  92  28 140 119 144  87 146  34  77 130   9   3 128 129 114   0  28  31 126  83 100  64  60 133 101  80  67  73  51  86 137  18  46 117   3  31 100   0  50   0 130  14  74  79 133  56  72 126   0  70  51 120  20   5   1  15  16 145 106 100  96 141 108  86  63 137  68  28 136  91  15  51   0  12  66  79  27 148  49 136 120  63 105 146  95   6  92 146  59   0  14
 103  61  93  13  32 123 137  11  80 149 132 119 120 128   0 113   0 132 128   2 104  51   0   9   0  85 104 118 114   0   0 142  47  62  19  73   0  77  23  29 128 122 133  21 105   1 113 114 147   6  69 108  94 134 103  32   4 149 119 137 146  25  85  68 114   0  81  86  68  49  49  51 103  56   2  91 115  25  70  87 138   0  51 113  68 124 120 116  33 115  18  56  91  86   0  80 112  25   0 126
 126 134  48  31  98  39 140   0 130  51  85 101  18 147 143  43  10 113   4  25 101  48  47  99  85   1  36  37 116   0   0 111 137  98  16 102  32 100  44 127  79 145  56  97  51  46  52 104  33 117 136   0 100  53 104  79  13 129  88 128  23  49 147 116 145 146  69  55  26 100  85 104  21  60  64  87  91 120   2  61   1 113 141 149  36   4 118  78  15   2   0   0   0  58 141 141  35   0  80  63
 143  91  68   0  40  66  62  69  32 125  19   0  27  63  70  49 112  41 106  62  29  77  86 100  79  66  17  68  24  62  33  32 100  88 119  54 120  67   0  85  70  31 128 113   4 139 104  55   2  86  21  81  74  26  79 148  18 135   5 148 136  81 113 130   8  79 116  15 134  84  61 140 119 115  61  89  40  68  45  10 147  56 113  57 145  90   0   0 142  33  27 130 114  98  86  67 106 131  43  43
  58  34  24  95   0  11  74  76   4   6 117  29  83  50   0  88   0  75 121   4  28   1 133  46 120  76  47 146  91  29   0   9 115  20 141  13  17 130  25  34  62 100 115   5  99  35   2 113  68  11   0  58 145  49 108  28 104  89 112  23  93  34  42 132 139 111  87 127  48 119 116 107   0  98  56  14  92  39 112  32  61  67  81 108 136  56 126  46  14 145 105 141   5   0 105 113   0  35  58  29
  25  89  87  36  64  79  39 114 128  32  64  28  18 135  80   6  59  24  94  57  60   2 133  10   0  52  17  35  74 128 132 133   0  54 106 147   0 127 115  62 106  63  73  41  19   0   2  42  99   0 145  54 143   0  11  55   0  98  74   5 116  46  84 120   0 114  46   0  76   9  39 111 144  10  33  49 147 120   4  81  74 144  98  46 101  30  10 102  24  89 104  38  53  85   1  32 112  72  22 135
   0  73  12  78   8   9  45  42 136  73 146  33  29 125  71  58  69 142  26  70  28 149   1 113  81  58 137  71 140 147   5  59  63  89 118 113 132 125 100  72   2  41   0 114   5 137  59  58 106 122 123 148  76  81 128  56  66  70  83 129 123   5  21 135 121  23   9 113  89 100 105  37  13 130  87  88  25  16  25  32  75  67  36 114 147  55 118   6  91  84  76   0   0  10 113 128  56 114  94  94
 122  70 116   0 107 112  62  76   0  54 100  17  68 105  28  98 136  71   3  81   0   0 149   0  96  53   0  86  34  29  50 123 148  61 135   0 110 123  82  83 148  71 136  94  27  20 136  63  29  24 114 109 126  45  21 147 118  73  92  51  11   0  80 137  65  59 108  89  56 143  42 117 134  31  56 125  60  67  40  81  15  67  12  61  30 131 132 113  59  86  12  94  97  94  22  77  51  36   0  73
  63   5  69 108 142  91  48  74  11  15  26  34  19  19  26  13  83 137 127 134 136  43 126  93 142  23 119   0  85  83 117 123  99  10  78  62 131  77   4  12 131  95  45 147 123  50  62 146 106 129 143 107  65  43  38   5 105  44  74 101 115  49  82  43 147   0 106 118  15 126  27 146  76  48   0 109  66 143 108  36 114  16 131 149 129   0 122  91  96  44  55  42  67   8  27  45  35  30  20  97
  66   5  28  79 126   2 141  24 148  29  73  64 147  83  91  47  82   7  38  23  69  84  51   0  57  13  25 146   0  18 138  57  39  74 101  95 134  70 120 108  51 126 130  59 144   0  52  38  60 110 125  29 145 121  81 114  38 130   0 136  62  14  99 148 136 109  48  42  76  53 130  79  22 139 112   0   8  96 116 149  54  84  90 101 117  58 128 124  55  77  34  65  94   0 139 123  74  20  70  80
  52  55  38  49  16 142   0  48 112  66   0  85 117 111  96  60   0  94 117   2 135  86 105  95 116  27 129 134  32 131  58  88  79 102  82 105 121 148  11   0  75 108  49 128  26  24 143 101  69  13  30   0  12 149  80 102  97   9  94  42  14 112   0  72  90 108 130  20  93 138 115 105 125 108  60  78  56  13   7  86  64  11  29  12  30   0  60 108  73 121 136   6  13  69 107  37  45  24 114  61
   0  61  90  82 117  94 118  56  19  38   0 117  39   0 101   6 106 117  72  96 112 100  38  78 106   5 107  47 105  96  16  64  68  10 147  80 149 128  32 141  85  71  58 100 136   0 144  28  66 133  67  21  80   6  73 143 116  31 141  22  82 143  75  95 141 133 142 140 116  62   0  85 100  24  18 135 130  48 121  14  75  27  59  92 134   0  65  41 110  99 118  95 124  52  96  68  49  15 104  85
  50  16  82 139 101  52  73  75 107  40   0  38  15 126  57  48  93   0  83  88  10  38 128 149   4   0   7 117  11 118  81   0 139  52 109  17 117  17  19   0  81   0   3 140  52 138  90  74 148   8   0 114  91  31  58 131 100  96  36 145 135  90  91  92 116  36  68  55  32 101 138 120 141 142  39 133  91  42  98 100 109   0  11 130 130 104  62  88   0   7  39 140  87  70 145 105  20  54   0  49
 107  30   2  46 145   8  27  72  45  86 122  24  24 119  35  73  91  30  26  53 137 119  18   0 104  99 115  51 143  42  32  53 144   0 115 145  19  71  86  28   0  21  82  40  31  18  74  73 109 127  36   8   2 129  34  95  22 143  32   9  65  31  31  78   0 135  24  43 107  10  52 137  36  85  49  91  59  62 142  87   0  46 105  62   1  98 128  25 122 116  62  76 131  33  86  50 105  86 104  31
  71   8  76  60  52  72   6  40  88  86  64 137   0 134  93 148  95  49  20 143   0  48  77   0 130  98 147  35  84  20 141  66 120 139  69  15  94 133  74  95 109  69 125  36 126  79  51  57  45   0 149  79 138  80  39  28 138  91  56 142  36  18  93 127 104 133  85  60  83 119  47  88  72  18 106  14  53  42  30   0 100  34  71  45  20  78  86  31  51  10  55  87   0 148 128  70  51  12  69 100
 130 146 108  91  40  34   0  84 130  27 105  48  29  68  24  20  13  90  42  51 135  63  14  74   5 118  79  75  63  54  24  51   6 116  10  44  79  67  95 121 122 145  82 126 126 145 111 129  55  95  76   0  86  86  41 101  51  99 121  16   8  19  21 138  96   0  35  53 133  82 137  12  50  37 120  59  96  84 102 128   0 116  92  15 132  58   2  60 131  21 120 122  31  58  63  85 106 139  73  77
   0  13  25  81   0  90   0  58  20  53  64  14  49  97 109 115 104  41  48  73  92   8  47   0  57  90  64  86  57  77   0  60  60  66  80  41  50 112  42  33 106  98 118  24  67 131  75  15 105 146  62  17  34 144 100 138 116  53  40   8  83 131 120  79 116 104  40  17   0 115  47  60  57 104  84  50   0 129  83   9   0 112  54  29 107 132  33  10  61   4  38  94  65  63  61  99  77 112  21  11
  74  41 115  47  96 149  44 113  85 125 125  33 102 140  89  82  23   1  64  29  86 109 140 142   1  29  18  97 112  71 100   1  84  27 101  74  79  22   8  38  62  18  67  16  92  82 103  95 106  64 131  38  72  30 141  69  91 112   0  48  98   6  76  77  81  11  63 136  56   5  84 109  58  96  36  64  72 105   0 135 132 132  29  14 105  63   8  17  98  47  30 114  50  93   7 107 100  91  81  47
 122  84 122 137  10  25 131 122 134  74  61 111 143  69  93 132  35 145  19  77  39  71 140  21  46  38  68  39 110  20  93  95  53 121   2  23 129 113  13   0 103   9 110  13  42  66 112  91 126  19 139   0  85 132 112  82  70  84   0 111   0  86  20  84 141 133   6  97  39  24 135  96   0  69  82  84  86  84  79  25 143  83   0 116 109 111  10  12   0  33 102  69 103   3  39  36  37  94   0  89
  63  34  72 110 134   0  47  36  75 107   5 132 127   0 110  39  20  66 123  77  94 110  44  69 104  12   0  39 113  98 108 138 120  43  83 114   8  32  23  92 147  49  90  62 133  48  22  64  26  48  79 115  56 116  27  29   1 108  40  47  32  51  69   1  41 122  89  29 128  73  16 141  17   0  44 106  79 113 140  11  55  43  70 110 126  93  30  54  18  90  77   0 145   8  81  32  46  66  55  69
  16 113  22  77   6  41  62  32 109  33 125  22 143   0  13  31 121   9  14  11  92 118 104  89  26   6  24  47  98  78  91 124 117 106  70  98   9  43 139 101   0   0  22  84  26 118 135 134  62   0   0   3   0 111 115  60 123  48   0  63 110  93 141  82  50  54   0 106  94  58 124  99  16 126  38  49  33  64 117 108  86  60  97  22 106  61  80  28  45 110 122 104 132  92  43 136  19  92  74  91
 107   0  92 102  27 136 133 120 130 120  12  73  52  79 137  94  66 106 121 119  38   0  69  66  82  15   0 110 120  16   2  53 126  24  99  36  58 124  65   0  61  20 103 102  13  80 139  89  97 143   1   3  14  88  96  39 122 138  91   2  52 115  10 116 105  67  58  42  39   2  90 149  32  75  51  98  86  44   0  39  55  36  67 142   0 116  85   3  97 119  70 117  68  84 101  71  39  17  87  93
 122   0 105  16  52   3   6  82 119 136  35 143  31  15 114 134  82 106  27 145  19 117  19   0  40 107 101 109  95 106 133   8   0  44  89  98  72  37  33  71 127 136  40   0  11   9   0  15   5 125  77  68  24  81  77  31 112  54 125  62  75   4 119 103 145   0   0   9 127  68  89  28   0  26  81 123   0  84 143  96  36   0   8 135 119  92  32 126   0  35 126  70 137  12  67  41  22   0  18  76
  97  27  92 136  65   8   0 148  71   0  95 132 100 126  67  29  22  48  28  38  12   4   4 103  53 136 119  97  22  47 142  29   9  48  56 141   9  37 146   0   0  35  90   9  89  53  40  94   9  41   6  50  57  17  65  61  20  37 130  39  11  23  13 146   6   3 143  93  16  31  79  48  12  73  70  25  44  18 110 144 110 109  91 111  71   2   4  19  60  34  37  76  39  77 115 146   7   5  95  21
 100 136   4 109 139 144  16 146 125  49  45 133  35 116 111  36 105 144  27  66 122   0 114   0  31 103  33   0  31  47  87 131 132 141 116  22  16   0  82  55  26   0   6   9  62 148   0 121 140  61 140   0 102 132  10  26  27  45 105  77   0  76 126  59  50   6 116   0 133  69 119  84  76  65 113 123   0  19 116  29  83 147 146 123  26  67 138 131  14  92 113  55 122  65 130  52 105  95  86  97
  42 128  81   0  48  23   4  63 113 125 147 134  63  75 136  66  83  84  81  62  29 134  58  25  44 144   4   0 111  20  34  65  14  58 139 121  35  43 142  23 112  45  88  62  21  59   1 146 138 145  60  73  59  17   0 110  76  94  92  34 102  85  68  76  85  98  83  32  27   0   0   0 121  70  30   3 135   0  63 135 119  60  56  14 139 107  30 127 145  25 137 108 144 106  78  80 112  51 124   7
 134 110   0  12  28 118   0  21  29 101  64  27  83   5 139   0  74 120 132  95  53  75 105 140 130  48  17  68  15  76  41  69  96 105 126  54  11  59  39 112  84 140  14 136  68   0   0  65 140 148  37  56  60   1   2  76  90 123  86  86  50   2  70  10  38   0 104 105  95 135 109 141  95  87  97   0   8 148 106  68 146  87 106  90  92  78 146  21  48   0  54 123  32   2 143 101  64  91  42  59
  49 126  50 102   0   7  72  39   7  88  61  76 128 148 124  21 142 110  15 114   0  55  47 145  37 103  90  77  73  53 106 103  98 112  70 128  28 141 141  50  73  38  97 105  69  98   7 113  75 136   0  72  20 138 124 118  49  73   2  93   8 148  64  18  31 138  38   6  94  11  61 110 100  79 129 103 121  37   7  97  50  30  52  39  16   9  87  52  55  74  96  97  88 145  16  32  65  19   0  49
 111 117  80 145  90  56 146 130  68  16  80  16  46  79  51  46 143 115  69  50  44  46   0  53  51  21 111 121  47 143   5   5 144 121 110  26  84  88  36  88 113  41  71 126  11  45  87  15  44  51  62 107  90  51 132  32  83 132   8  85 134   0 117  86 106   0  80  27 112 132 103 105  81  44  59   2 129 131 130  69 134  64 107  62  69 109  73   9  70 145  85  11 106   9  46   5 135 109  83 104
  16  63   0  52 110 117  88 104 101  42  44   0   0  45  32  11   0 120   6  28   0   0  59  84   0 106 103  60  22  59  58  76  37 112   0  47  91  82  33 148 100 129 136  89  99  38 111   4 117   0 112  97   0 138  77  49  85 143  74  13  50  93  85  34  96 137 108 110  53   0   0 123   5  47  31  45  90 108  30 119  11  94  92 138 143  65   0 149   0 132  78  89  39  69 131 149  24  95 119 110
 146  97 107 143  87  84   2  27  91  48 136   0 118  55  96  14  88  88  46  46   0  76 132  16 136 126  72 147  71   4   7  71  28  62 146  65 140 111 122  97  93 109 131  37   0  83  40  14  93 101  97  81 149  43   9 114 100   0  45  11 133   0  55 148  67  36 108  56 131  87  59 123   0   5 124 130  46  12 103  73 103  93  60  19  68  24 131  87   6  21  68 147  64   6 114  39   4  97   0  21
  91  12 131 109  37  43 130 143 121 103  22 118  58  81 102 119 101  28   6  52   0  60  50  82 110  74  74   9 137  41 126 103  42 119   1 116  84 138  18  69  12 107  52 104 104  95 105  13   5  79   0  57  15 147  25 136  81  55  39   6  22 126  23  80  77  12  28   5  86  57  82  98  26  33 106   8 120  60 134  20  49 113  89  38 119  59  26   5  48  84  75 104   1 149 103   0 134 148 120 104
  58  82 130 143  14 126  50  62  11  58  26  46  22 121  56 106  82  61 104   1  62   3  54 103   8  29  70  57  11  99  38  43  40  27  24   0 131  64  24  19 132  79  84   9  16  21  51 111 137  81  15   0  34 131  85  91 141  61  16  60 148  57  10  81 127  74  92  10  27  61  32  64  58 116  81  93  60  17 109  36 128  68 140  43  80 123  27 117  22  77  82  34  65  31  98 129  76 129  71 106
  93  68  65  72  23   0  33 107  61 147  74 145  49 137  98  80  39  65   0  39  79  60  90   7  75  68  25  17 100 101  58  90  64  40 139  41  22   0 132  83  79  37 118  28  92  50  97 149  46  15 105 129  64  36  54  52  15  90  93  29  33  67   4 125   0 127  64  78   0 106   8  27 114  80 142  85  74  84  90  45  74 133 131  28  65 131   4  43  58  85  71 130 124  89  82 129 105 110  54 139
  79 143 100   5  88  10 131  98  28 138   7  76 144  26   1   0  83 129  58   5 103  18   0  53 143 123 117 130  61  79  82   6   3   0  59  37  97 114  95 111 127 137  86   0 122  21  65  49  29 106  54  88 129  57 118  46   0  89  47  41 103 100  71  20 107 126 127  65  79 139  39  44  25  66   2  89  47  50  31 109  55  48  18 143  91 104  93  38  61 117 103 122  79 134 145   3  65 137  57   3
 106  54 124 137  79  12 139  58  29  72 125   6 106   0  18   0  23  66   3  91  18 124 108  88  59  27  91 101 146  77   5   1  75  64  20  66 134  18 142 118  84  56  30  16  22 100  85  18 128  49  84  90  55 112 135   0   7 129  49  12  50 133 149 117 147 149 104  17   0 124  84  94  89  72 149  56  11  30 137  42  39   0  73 113 106 104   0  49 111  99   1   3  24  58  53  58  82  28  33  97
  14   6  38 116  49  16 100  99 110  42   3  86  42   8 135 137 101 102   0  55  19  88   4  80   0 145  98  63 114 143  54 109  50  38  26  58  65   0  57  39  68 132  76 149  45 142  69  84 114  20 144 105  46   0  54  47 119  62   4  72 143 101 143   1   0  52 100 121 138 148  51  96  15 127  34  48  42   9   0  48   7   0  83  69  86   8  38  39 128   8  54  89  67  51 107  59 107  11  25 133
  62  75  11  45  61  99 121   9  76  90  54  90  49  39 149 108  35 124 143  77  50 102  37 124  81 140   0  87 105   6 128  22   0 108 106 133 125 143  80 112  76  54  54  21 110 147  40  82  91  46   0  70  49   0   0  90  43 122   0  82   2 123 125 100 104 143  22  31  94  81   6 118  91  47 143  66  29  88  82   0  99  56 149   0  59 111 128  40 142 127  90 132  21  51   0 102  55  30   0 138
   0  91  88  62  41 102 147  61   5  79   2  20 142  92 111  17  43  53  83 121  70  91   0 109  32  59   4  30  40  15 123  24  34 127   8 139  90 102 107  65 118  64  35  87 148   0  75 122  47 109  46  19   1  65 141  16  79   0  32 104   0  61   0  52  10  21   0 143  40 115  93  55  70  28   0   0  39 144 124  26  21 149  76  48   0  89  65  68  22  50   4   9  43 131  44  76 144  79 139  64
  93  59 125 126  54  12 131 106  19  86  12  76  82   7  78 133  38 125 101   0  46  69  90  27  83  58  79 115  96   0  17  36  58   0  55  82  16  63 101  17 145  42  99  14  57 137 109   0  39 142  73 133  46  52 144  16  60  26  16 124  39  11  39   0  66 144  11  92  29  30  27   6 136  61   0  77  77 108  27   0  43  31   0  59  30 128   7   5  38  78  89   9 112   0  95  10  97  98 146  39
 134  91 147 109  40  20  54 136  69   1  88  25  91   2 120  66   9   0  14 128  70 104   8 104  68   0 107  87  12 112  96  15  84  77  64  50  17  44  70   7 119  57  33  67   0 149  57  21 142  85  20  34 140 133  76   0 126   0   2  79 127  61  87 149  50  95  21  66 137   4  20 118   0  76  81 108 104   6   0   0  52  53  13   0  64 100   0 113 121  26  43 123  24  67  25 110  15 127  72  28
  77  82  26  39  92 148   0  98  47  80  77  44 147 138 102  83  91  49 106  42 122  12  43  24  51  69   7   2 102 135 123  64  61   0  24  10  14  38 110  95 146  98  46 142  45   0 130  25  66  84  25 112 103   0 144  11 108 130   6   0   0 130  90 113  64  83 135 144 118  67  70 146 141   0 135 130  80  30   0  81   3  18  28  80  38 124  35 128  81  10   9  74  48 135 143 117  10  99  49 110
 115   0  92  39 114 110  78  23 136  77  86 141   6  43 149  71 107  89 130  60  47  99   0  48 119  65  27 120  91  19  14  97 123  65 123   0 106  69   5  96  49  79 118 100 147  29  14  84  75  29   7  35  44   4  71  19  16 123  53  78  92  82   5  19 114  85   0   7  46  20  39   0   0  31  10  62 129  99  25  89  79  77   8  98  20  48   0   8 132  82  30   0  45 142  37  12  45  63 112  38
  41 136  78  48  59  28  19 119  46 130  31 134  17 117  98 129  21  92  80  77  80 142 126  24 103  80  12 120  70 136  96  98  35  49 148 147 106   2  99  36  95   0 110   0  84  33  67  47  70  71 144  35   3  42 138   6  27  44 132  35  77 106  53  72  36   0  59  87  76 106  83  40  29  73  64 116   0  89 107 137  21 144 132 106 145 143  39  16  49  83  25 126  11  43  71   0  19  11 122 102
  94  43  46  31   7 105 147 126 104  46 109  75 118  86  15  39  50  89 110 129  92  64  48  41  25  58  24  46  55  74   0  11  59  70   5   0 141 127  66  91 133  23  35  41 130   0  17  31   6 129   0  55  90  24 105  72  35   0  41  74  69  89 114  82  73  49 112  60  73 135 142  54  76  18  43 119 145  74 114 120  58  74  88  97   0  78  42  47 108  11 149  71 123  73   0  95  47  68   4 111
  59 121  47  12  68  30 107  82  81 120 110  45 108  46  60  59   4  82 124 119  28  53 101 100  36 119  51   1 129 100   2  83  92  55  76   6 135   3 141 111 123 137  30  49 117  46  35  10 141  77  21  46  73  39  15  40 100  66  12  23 107  15  57  90  73 120 147  62   5  36 106   0   0  55 124  57 126   0 147 108  98   0 148  16  36  78  92  73  30  12  63  73   8 118 117  52  26  68  23 117
  57 131  12  96  39   0  26 143  47  93  17  23 125  66 124  55 136 116  74  39 133   7 144  73   0   0  65  65  37   9  96  48 117  64 142 148  15  87 123  80  50  42  98 133   3  90  24  80  10 135  49  41  29   0 103  44   0   1 131  82   4   0  76  10   5  32 130  64   0 107  56   0  19 112  85  53 108 143  95   8   7 106   0 143 107 103 114   8 131 123 127  54  59  31   5  56  32 116  44  74
   0  31 137 125  20  22 114   0 100   0   8  92  36  31  84  35 137  68  47  98   4 101  64   9  44  97  94   0 114 130  65   6  14  99 133  12  87 146 109  65  31 128 107   0  13 121  30 103 119  57  30 131  70  81 116 117  32 128  44 143  99 104   5  81  61 138 130 144  92  17   0 127  12  60 107 138  67  75  35  22   5   0  66   0   2  85 133  78  87  65 130  12  17   9 103  50 149  17  84 136
 146  73 122  14 109  22  50  49 103 110  50   0  15  48  11   8  50  91 113 118  42   2 141  34  21  67 102  48  69  13 146 107 132  21  50 147 140   0 133 141   0 137  67  82  24  99   1  78  22 143  81  86 107  48  42 132 122 127  12  86 102  12  96  86  92  41  72 114 107 142   0  95 111 148 136   8 121  29  71  73  17  23  51  55  45  36  57  30  19 146  50 144  93 101 141  81 107  35 100  47
  75 137 145 103   2  34  10 117  87 130  62  21 115   0 138  69   0  36   6 126 122  49  51   0  69 147  85 108  63   0 122  56 107  93  18  34   0  64 100   0 149 144   0 105  69  13  82  56 141  30   4   0  65 142  83  94   8  25  54  29  61 134   0 111   9  73 119 109  66  17   8  55 133  17  46  66  38 128  54  26   5  84  30 106  67 126 124  23  79 112  22   0  15  27 102  13  79 128 124  93
  87  61  56  37 128  54   0 119 101  65   2 100  95  52  77  79  48   2   0  21  53   3   0   0  41  70 140  40  98  90  70   0  48  77  57   9  14  74  79 137  26  40   7 148 123  50 101  42 112 139  60 113 105  43 111 141 128  19 109 130 147  76 117   0 102  31 147  30 112 124  19 110 100  46 141  47 115   0 148  54  22 133  26  54 113  45   0   1  88  97 118  18 107  16   0  13   0  85   0  90
  34  66 136 113  78   1 130  24  11 143  20 108   0  76  42 133  87 108  94 115 124  11 104 134  93  60  16  79  79 108 105  97   0 144 122 111  62  39 102  16  36 125 128 112  40  56 108 124 134   0 128  53  47  95   9 119  60  23  21 147  95  50  18 149  58  89 109  35 131  10  51 116  39 126 119   5  90  85 145 117   0 116 144 142   7 107  33  56  37 132  72 126  42  77 118  30  23  97  51  38
  14   0  23   4 143  93  89  41  60  28  68  17  99  68  35 136 104  13   5 114 132  98  82   4  70  47  61 104  46  49 125  80 133  53  90   9 108  94  43  50   0  71  37 133  60 141  93 114  38  65 125  86 139  53  73  43  95  11 143  75 103  19   0  19  65 122  15  90   0  30 101 115 143  26   0  35 117  32 108  60 139  34  39  82  86  49 148 103  99   6  72  84  57  37  54   0  23  18 105  13
  87 102 119  61  18  52  63 132  89  25  15  33 145 122 104  81  81 126 149 112  74 105 101 108 107  95  80  52 141  40   0  86  93 145  41   1 145 128  20 127  50  17  26  69   0   0 120 102  80  49 100  56  99  86  33   5  73 139  66  49  60 118 145  81 118  54 140  76   0 113   8  92  86  13 103 119  99 141  74  54  99  40 122   0  25  85 105  43 127   0  42 105   0  18  29  15  59  31   9  23
  47  16  40 149   0  26 124  99  39  70   3   4 131  33  74 142 121 124 127   4  14  33  83  41  36  34 108  82 132 112  21 139 107 108  98   0  16 134  99 119  76   0  70 141 119  68   0 104  12  86 129  13  79 118  90   1  77 143  81  43  22  85 136  95  94 134  34 144  83  23  29 129 128 108  11  15  26  61 106  23 141 121   6 128 141 103   0  56   0  61  71  50  67 118 116  76  34 144 146 125
  17  10 129 100  33 139  58  83   8 144  63 105  87 108  88   7  53 144  28 128 103  41  24 131 138  43  14  13 108  66  52   1  66  46  28  78  89  71   0  46  46   0  87 127 135  66  72   0 139  68 140   4  79 122 146 136  49 137   2  68 120  38  85  24  99   7  96  82  95   0  30  46   9 148 118  27  21  42  56  45 144  88  46  96  91 114  71 117 131  20  81 138 149 125 103   0 145  26 141 125
  54   9  11   0 131 128 141   0 111 127  22   6  16 104 148 147  79  19 140 110 107  42  97 117  74 125  45  74   0  41  98   5 108 148  94  72  91 143   0 136  98   3  82  80  28  90  56  38  42  28 148   0 119 122  51   0 106  35  27  50  68 126  15  99 110 144  46 107 139  92  77 131  49 140  31  28 145  32  57  13 103   0 124 119  33  37 105  99  48  12  72  64   5 146  80 129  19 108   0  11
 111  69  98  45  15 135  80 121  68  28  62  78 141  78  44  45  23   7 111 119   0 114   0 130  81  66 101  21  69 118  69   8  93  26 130  78   0 104  42  83   0  99  90  40  26  10 105  34   6  53  85 134   0  45  83 120  26  54  30   7 133  90  43   3 141  79 111  30  40 118  54  80   0  14   0  39 102   5  53   0   0 100   0 112  62   0  78  13 137  61  44  97  92   7 121  14 138   6  71 131
  76  78  90  69 109  18 128  87  88   0 137  64  61  74  37 129  39  94 104  11  17  82  59 101 137 137  34   3   0  81  59  12  92   0  60   9 126  56 121  60  12   7  34 129 142  83  47 115 123 149  58  15 121 136  39   0  47  16 145 144  87  71  92   0 123  70  15  29 136   3  33 143 142   0  17  88  67   8 140   0  34  73   0  23  50 136  51   6  15   6  49 129  91  56   0  74  68  43  38  85
  56  75  53 116   2  70   0   0   6 138  95  82   0  96   6 139  96 104  43  53 132 138   5 145  14  13  47 111 102  77   1  27  72   0 105  45 102  61  37 109  38 104  91  37  39  92 128  51 122  39 140 119 105 127   4   7   8  35  26  53   0  75  42  61 116 110  75 118  18 148  61  48   5  35  79  60  22  90 135 103 142  66   8 103 148   0 135 140  16  85 122 108 113  43 106  61  56  71  25  36
 120  70 106 124 121  20   4   9  95 127  51 108  93  10 122  78 134  74   0 127  15 114  58 139  37 103   0  79 126  64 119  31  16  93  48  46  77  35  87  35 129 124  65   2 126 104  10 127  11   0  47  37  19  97  99  82  35  56  88  82  16  19  53 134  31 101   0  17  80  23 117 133  96  97  28  58  21 121   0  30  34  93  49  54  59   9  87  80   4 144  18 144   0 133  29  17  21  53 126  34
  70 141 114  40  83   0  34  13  76  48 104  74   0  19  14 107  24 134   6  88  50 146 107 113 119  24  44   0  85  26  18  34 144  75 139  63  14 101  78  14  11  48   0  31  28 149  77  88  51   1   3  66  76 106  88  96  10   0   9  55  51  22 108  67  64  60   0  54 103 102  91 105  19  30  55  45  40 102 141  89  68 133  86  98   2  26  36  59 137   5  64   2  33 142 116 111  65  88  81 143
  79  44 124  85 134 131  98 108  12 109 130 125  44  40 118 135 115  99 114  27 140 132  67  17  55  11 144  94  93  36 122 105 114  34 100  40 125   2   0  55 132   0   0  12  62  97 121  38  60  85 125 149  22 145  75   0 126  73   0 149 103  53   3 120 129  28 146  27  62 149  61 114  26 123  74  19 145  77  37  81 106   0 148  10  93  52   2  17  58 127  11  54  51   0  18   7  56  39  54  39
 109   0  44   0 121 111 108  44 127 111 112  66  76  63  24  20   2  21 132  43  68  29  41  32  11   0  74 139  14   0  84  25  70  35 137  42   1   0 118  79 132  79  53  68  67  65   0  31  49  36  54 147  16  45  67   0  57  36  67 139   0  55  47  58   9 135 121 146 136  21  20 114  11  97 138  76  66  42  28  56  39  57  20 119  59 117  51  16 132  93  26   9   0  39  97  56   0  59  45  33
  54 101 103 112 124  17 141  95 120 120  67  20  82   0  95  46 104   2 138  85 134  67 140 102   5  33  43  18  32  22  48   0   0 117 149   8  29 125  83 104  71  35 115 104  18  36 136  66  85 101 124  61  67  95  39 139 108 123   0  32  80 137  92  22  77  21 115 142   0 145  53 106 129  77 132  84   5  93  86  47 102  89   0   4  33 112  14 105  69  62 109  13   0 146 143  40  39   1 126  83
  25  18   0  56  29 142 134  76  25  70 138  79  87  34   5  86 113  90 122 121  20 124   0 129  30  35 111 149  94  24  98 147  95   0  15  42 127  72 148  67   0 133 108  63  95   4   2   4 102  45   3  59  93   0  76  44  13 130  27  41  99  57 102   5  81 110  78  57  54  40  27 115   3  86  36  50  87   6  79  83  37   0   0  58   0 101  34 140  49  20  65  70 120 117 135  47 134 117   1  60
 109 109 108  96 142 103  47  97 128  15  56  40 125  71  24 142  12 132  35 131  99  40  62 143   0  94 147   0   0  41  12  23  19  26 117 140  79 127   7 137  72 140   0  23 100 111  36 146  21   4  90  94   8  94  92  18  54 126  19 115 147   3  84  95 131 101  60 121  64  57   5   0 114  81 114  49  10 117  41  48  38  69  91 145 135  61   0 137 139  31  69  65  57  39  41 115  29 139  61  24
  38 132  50  63  51 128  56   0  13 113  50  31 138  16  94 115  70   2  48  58   6 114   3 124   4 145  97  63 115 124 128  84   1  56   3  43   0  96 100   6 137  83  13  31 135  69  17  48  37 103  62  23 107  92  89  59   1 125  74  65  59  12 113 142 115   0 110  50 134 106 101 140  10  24   0 139  92  42 144  34  64   0  62 113 117 139  32  36  88  44  30 131   4  22 113  41  39  39   0 111
