2
20 6 9
11
12 10
14 10 17
17 17 15 11
14 13 18 19 14
15 18 10 12 11 17
15 11 11 10 17 12 18
16 12 14 16 10 14 18 11
18 11 13 14 13 18 18 11 12
17 19 17 19 14 15 12 13 11 13
15 16 16 13 12 10 12 11 16 12 11
11 17 17 15 15 12 14 16 13 13 14 15
16 11 13 11 18 13 11 10 13 19 11 18 11
14 17 18 13 15 19 17 13 17 10 16 14 11 10
17 12 14 19 15 14 13 12 19 11 19 19 18 11 18
19 16 18 19 14 10 17 11 14 15 15 18 13 16 19 10
19 18 16 17 19 10 11 19 17 15 10 10 16 14 11 10 12
19 15 16 17 18 11 15 13 19 13 15 11 19 15 18 19 18 19
12 12 13 17 17 12 11 16 10 11 13 14 14 16 17 15 13 12 13
18 11 11 15 12 12 14 18 19 11 10 15 18 11 12 18 18 13 13 15
