100 100
82 56 174 50 171 94 246 215 197 213 101 56 251 143 36 35 104 13 254 109 101 194 17 217 47 18 39 89 14 242 72 224 157 150 162 45 147 14 218 43 16 62 120 113 118 181 233 110 195 167 229 68 216 22 140 236 70 136 170 40 131 65 119 71 159 213 157 219 73 36 132 97 90 252 21 209 170 8 123 220 216 47 156 162 89 35 184 25 243 183 128 33 124 184 147 76 240 232 32 246
208 206 165 39 198 17 152 81 144 107 88 9 172 139 62 158 53 104 66 75 131 208 223 220 249 82 86 15 133 168 221 116 64 223 230 169 201 220 150 42 179 234 117 146 27 135 154 150 203 9 74 242 21 104 180 185 19 43 109 176 160 83 191 150 194 75 100 27 46 164 210 219 52 52 184 29 80 207 51 169 19 205 102 5 155 243 159 89 239 2 125 86 217 136 100 219 25 44 42 51
16 148 200 42 69 154 1 208 80 122 63 188 147 34 32 249 221 209 242 31 80 188 154 42 158 205 26 13 147 62 62 172 98 184 163 154 49 19 158 88 241 124 41 245 234 147 243 206 247 192 182 53 4 98 207 216 47 139 231 51 154 227 23 69 105 2 199 248 208 57 83 226 95 49 143 195 200 86 84 131 217 100 40 137 243 160 155 21 160 142 4 27 41 162 31 63 190 200 74 212
22 202 216 37 150 87 69 84 115 66 36 157 70 195 53 202 151 198 238 147 217 8 221 90 205 34 182 227 80 197 242 129 131 43 219 214 233 145 209 29 67 209 190 165 85 204 129 111 253 201 176 142 153 13 19 194 44 50 175 121 222 150 65 149 51 222 251 50 1 231 110 212 37 38 241 39 113 205 230 176 200 193 187 194 237 149 250 241 249 66 83 210 1 61 230 234 79 17 205 120
212 194 138 248 25 255 251 179 219 123 238 139 174 234 221 242 61 126 29 67 3 104 91 191 31 159 73 163 24 17 88 235 53 114 201 201 182 200 148 222 165 236 217 192 247 37 216 100 190 138 54 91 38 94 246 151 119 7 130 159 98 79 25 85 194 42 129 201 164 138 100 194 56 30 27 86 5 245 227 96 255 92 55 158 214 128 73 53 27 34 95 136 22 100 255 254 118 128 188 194
161 117 135 249 206 111 219 20 197 132 40 180 223 253 68 182 155 80 106 119 238 130 98 71 174 9 240 186 152 239 59 63 252 219 17 39 246 37 118 135 65 30 195 50 20 218 183 147 142 243 228 64 46 158 64 139 59 27 69 88 201 215 110 16 155 182 133 236 150 101 123 3 17 178 74 175 164 197 28 102 223 53 57 246 227 206 228 74 224 158 198 178 122 249 252 73 247 160 220 117
228 188 46 26 226 86 64 134 238 241 52 164 82 254 215 132 115 209 107 183 87 185 57 164 240 126 66 67 158 88 6 109 235 156 133 165 121 66 34 147 34 121 242 137 188 100 42 217 18 201 39 209 107 53 77 13 201 112 77 154 175 193 224 132 11 213 46 196 42 209 91 56 67 88 3 145 10 155 12 104 200 187 29 85 251 1 45 80 113 61 96 173 96 227 68 111 247 35 136 213
222 6 80 218 171 239 191 1 184 251 74 38 116 146 135 197 124 174 116 212 172 55 114 34 122 106 247 230 184 31 166 128 22 130 213 101 6 131 57 219 93 132 169 14 200 155 211 107 245 116 51 8 15 151 45 222 90 36 57 167 40 200 208 171 224 144 183 68 211 62 53 109 29 213 225 31 72 135 163 208 4 45 237 88 133 247 113 17 112 5 57 241 118 133 4 134 102 28 50 106
233 44 172 68 179 179 156 92 78 237 204 196 87 214 157 57 76 87 79 40 66 36 158 11 167 156 110 128 223 52 248 76 238 189 203 49 238 138 249 75 8 72 89 90 51 148 46 35 120 153 143 88 106 189 129 59 17 185 243 79 27 143 50 227 98 200 242 75 52 229 13 119 117 243 134 232 110 43 253 144 237 3 44 153 19 47 110 206 97 108 45 236 250 133 247 175 18 4 56 107
120 119 221 110 238 51 70 139 247 6 99 129 232 191 83 168 125 125 104 150 149 41 228 20 244 145 215 47 163 14 226 49 200 148 102 195 155 43 62 161 77 52 38 121 246 222 232 133 128 207 99 230 2 71 27 72 19 85 211 105 143 230 239 252 65 54 22 14 249 102 72 77 3 229 130 1 123 211 130 115 4 239 200 25 78 3 131 77 114 20 99 232 33 244 17 246 22 249 207 230
218 82 241 245 65 243 39 34 171 243 234 123 133 207 245 8 245 123 134 173 197 182 238 184 250 254 42 8 143 161 108 237 227 192 124 71 67 87 59 109 147 122 162 104 21 1 60 150 199 53 190 180 83 73 215 236 16 51 83 94 134 145 181 196 143 232 94 48 218 173 211 119 16 8 89 203 87 58 96 167 103 24 125 243 244 125 108 152 168 33 218 234 108 211 107 146 169 98 65 99
233 186 127 85 212 157 248 120 135 216 156 164 204 240 196 192 151 165 245 88 98 191 191 229 193 150 64 2 212 44 131 88 105 100 61 37 103 34 153 8 240 91 156 122 194 236 204 180 63 186 45 199 45 102 184 72 158 41 219 193 6 41 52 202 101 53 1 132 34 97 139 213 116 100 130 152 233 162 1 44 255 90 65 8 76 208 172 81 45 3 90 131 135 156 28 55 252 218 180 24
53 137 208 1 7 60 99 244 180 135 130 200 132 66 83 192 218 34 57 128 46 187 72 254 244 178 52 100 229 40 51 7 33 45 33 111 50 205 200 134 106 249 163 238 138 217 249 153 194 94 174 158 242 145 171 238 66 119 41 214 102 19 76 125 189 195 228 71 19 40 175 75 39 183 108 72 228 40 63 192 197 110 145 180 99 228 250 17 51 222 93 90 218 54 70 170 180 40 61 118
89 254 10 194 90 228 25 65 247 215 34 104 119 158 28 16 249 61 32 40 97 189 229 253 52 207 214 66 132 152 252 171 202 42 186 242 71 138 152 12 63 60 20 70 193 32 57 196 197 66 251 122 59 77 140 149 117 67 171 250 127 56 41 91 66 36 29 99 6 147 15 157 200 199 124 19 223 135 11 38 105 65 96 211 128 171 80 54 181 21 100 19 204 14 252 189 169 12 126 160
129 80 212 46 52 19 51 12 227 78 100 80 29 171 150 129 200 91 226 61 162 112 149 70 102 132 230 207 130 166 158 60 120 243 116 58 58 218 136 115 175 81 207 161 42 151 87 214 251 65 167 72 124 164 199 219 27 234 11 208 99 217 179 73 254 150 46 6 36 254 63 143 253 80 10 187 112 61 83 169 88 167 186 187 22 34 246 25 141 244 190 68 243 177 231 225 252 52 118 146
206 4 138 41 89 240 2 131 226 250 172 214 238 188 232 189 86 1 19 201 179 55 140 115 113 220 213 33 173 172 114 44 172 146 23 14 36 188 94 36 8 81 124 185 164 145 52 57 187 250 128 62 215 174 52 105 174 48 17 168 159 196 129 94 68 246 130 15 145 158 118 139 251 102 76 182 180 156 82 94 211 236 150 74 152 56 40 246 140 34 30 156 56 34 176 249 175 160 223 3
170 233 88 108 108 3 156 52 170 56 44 158 196 219 35 196 232 25 15 175 8 205 117 38 45 209 196 21 156 38 52 194 203 209 67 187 29 149 222 156 105 33 223 178 69 236 101 10 15 244 195 235 43 113 5 241 11 196 53 136 203 188 121 44 165 237 172 52 100 45 123 222 165 249 191 148 161 233 145 247 165 90 212 72 153 114 46 175 176 76 45 240 148 194 31 33 187 62 61 211
46 128 206 237 233 71 208 4 58 193 208 116 26 181 132 36 6 215 197 148 208 35 14 48 224 184 6 134 103 161 82 220 247 106 37 63 17 244 77 4 129 134 62 101 48 90 201 36 186 203 148 216 244 98 233 106 46 193 6 198 213 93 123 84 85 229 195 77 80 206 162 91 129 110 233 55 125 127 80 47 147 158 89 57 246 12 9 137 15 167 103 78 6 26 126 6 238 148 98 24
42 136 242 148 212 84 89 217 109 63 117 242 3 196 195 118 7 3 231 185 168 213 106 16 76 228 83 255 253 61 42 161 248 55 19 1 171 181 4 191 189 25 77 94 140 82 121 85 40 143 180 236 54 219 191 255 210 174 39 146 80 72 60 111 106 211 14 176 73 182 213 96 128 111 156 38 201 5 20 30 178 219 211 216 4 111 141 153 20 203 217 213 203 66 42 14 127 189 32 125
8 155 175 185 30 137 223 193 231 188 32 157 80 249 221 244 244 232 239 216 98 244 1 34 228 94 125 11 142 53 187 1 81 207 100 72 206 145 197 110 40 122 32 36 129 220 157 254 126 195 242 64 224 199 101 150 40 112 47 248 64 97 135 153 38 225 190 146 161 23 175 171 222 102 135 134 155 92 146 247 171 33 153 213 9 197 3 148 52 242 47 109 146 75 91 108 154 4 247 157
248 14 53 188 244 205 192 29 66 179 113 165 153 68 218 161 39 209 139 67 187 2 96 132 86 224 70 95 214 11 194 245 140 74 161 43 103 158 168 68 116 5 33 16 122 150 32 51 90 181 226 140 134 224 27 220 50 243 136 29 150 115 193 171 101 137 241 193 71 106 17 93 255 81 188 133 20 36 71 26 25 31 161 157 109 114 169 24 30 59 26 21 41 217 141 82 227 104 90 145
58 235 189 77 8 1 21 149 65 30 163 109 42 30 148 104 98 192 203 93 231 80 35 251 242 2 51 128 182 235 65 237 248 124 105 250 132 225 46 23 238 86 122 198 43 166 189 163 229 249 179 214 50 175 2 198 108 209 50 82 104 121 193 111 79 155 191 211 65 161 190 34 31 71 6 66 11 19 80 202 15 239 137 52 113 61 72 176 161 211 254 104 209 91 169 242 159 108 100 200
221 85 178 147 231 141 244 130 144 159 54 153 138 22 105 38 239 60 59 58 177 181 1 101 160 193 251 150 94 55 233 206 77 115 43 141 243 103 105 172 82 108 139 147 23 8 223 228 74 89 84 164 208 201 21 112 89 63 238 64 20 102 91 93 86 217 249 115 128 187 121 235 189 127 32 254 133 128 114 43 241 32 194 248 198 7 140 181 80 202 238 23 93 137 180 241 149 70 40 112
223 17 48 235 19 65 121 100 190 99 24 182 172 4 230 129 112 7 41 100 48 62 25 135 109 84 232 141 250 94 111 112 119 147 11 222 102 126 81 146 189 180 186 74 20 90 86 204 61 9 37 177 248 89 193 192 134 157 90 51 199 169 193 164 194 149 123 122 33 231 19 156 144 29 186 44 149 220 92 174 177 111 44 210 124 62 236 56 3 97 100 107 149 19 194 129 205 137 104 120
126 147 95 215 90 107 106 167 241 41 117 61 227 191 94 132 96 244 87 37 80 63 212 196 207 106 72 192 187 136 172 23 143 247 12 221 83 144 146 138 64 64 83 212 130 37 80 7 159 230 112 132 238 248 106 206 52 100 223 96 66 79 149 150 184 115 33 14 68 161 236 40 104 10 92 148 75 108 9 156 137 100 88 22 115 119 220 30 87 152 199 32 42 61 101 60 51 198 218 10
14 215 41 87 40 80 168 94 147 10 133 14 63 31 231 220 134 196 84 75 160 130 117 6 83 214 211 84 138 23 43 55 162 17 233 241 18 63 136 89 194 18 182 166 183 173 42 162 229 18 109 114 203 130 143 217 175 196 9 168 31 235 181 63 136 205 199 213 138 232 123 241 211 65 255 53 62 13 91 241 98 49 58 180 103 91 113 42 195 83 36 142 165 179 83 18 220 53 204 231
202 195 56 86 89 115 58 141 239 25 112 28 224 152 64 183 88 55 43 199 41 242 183 215 167 189 145 96 76 14 121 12 224 42 40 121 116 45 175 9 191 23 15 179 218 229 246 161 212 31 1 71 144 57 72 225 254 192 48 160 154 198 190 175 174 88 232 19 222 20 35 255 244 172 19 146 219 215 205 32 232 132 233 1 57 91 83 8 95 84 163 141 159 241 6 190 232 113 77 158
100 114 72 85 40 100 10 212 7 208 36 228 243 59 146 147 250 56 195 171 75 116 149 163 69 194 42 173 153 123 217 217 99 54 70 233 74 46 182 216 15 216 208 163 168 249 89 96 190 207 125 180 27 4 226 166 10 20 248 114 30 223 73 199 210 114 184 167 155 92 143 68 62 27 27 148 144 222 210 138 130 69 86 137 251 198 155 155 2 226 55 8 39 107 7 176 183 92 178 248
52 38 192 253 112 230 67 244 5 231 71 252 215 226 153 153 110 101 5 77 211 81 28 235 186 209 55 159 175 79 53 76 125 165 40 51 152 47 246 6 54 248 176 227 102 147 3 214 198 236 150 201 58 34 81 160 178 40 175 226 234 74 186 151 181 217 215 210 185 12 221 138 40 89 64 176 102 104 198 182 172 206 126 226 5 193 119 47 60 231 119 14 44 109 175 81 113 165 24 18
109 185 16 203 177 55 90 151 166 147 139 177 158 222 157 174 150 187 33 158 215 237 79 119 203 128 241 116 148 80 98 104 97 21 27 150 253 160 20 146 9 240 232 69 106 86 134 134 228 66 86 129 93 126 167 187 181 110 87 2 218 4 229 18 86 163 128 60 13 137 59 95 4 122 112 116 182 83 4 10 124 169 17 103 243 62 165 56 107 195 167 124 210 81 132 143 160 138 53 16
179 74 206 125 159 81 161 68 250 84 19 26 123 108 65 230 26 55 163 145 254 180 32 235 94 40 86 164 41 24 161 235 150 30 131 51 124 57 115 189 4 63 225 221 21 39 201 156 33 87 175 46 24 22 238 219 53 98 164 89 236 56 164 170 50 165 191 9 202 27 81 239 113 221 215 189 144 27 3 38 174 111 139 184 116 227 59 219 95 56 239 121 253 129 142 174 87 228 31 76
81 4 25 106 184 91 13 234 199 46 182 165 187 54 44 33 226 59 26 126 189 74 105 149 128 169 36 92 167 66 241 15 105 162 27 68 34 74 76 211 170 233 165 66 149 69 59 153 199 221 153 220 129 26 247 129 173 11 32 27 28 138 188 36 128 203 159 22 74 157 152 48 188 122 128 38 222 27 150 26 28 179 57 146 177 144 55 85 81 166 172 87 254 237 54 165 27 247 95 126
33 48 165 250 147 50 240 128 12 152 208 220 232 70 109 189 41 118 243 110 206 32 111 131 240 127 202 114 76 196 138 31 234 62 93 112 91 134 145 4 103 132 174 225 208 68 31 4 148 250 52 106 152 61 121 19 228 183 152 40 63 112 66 28 193 103 217 148 209 143 112 102 14 135 42 108 134 255 169 12 247 177 43 175 57 106 214 126 161 113 244 175 178 97 155 160 144 177 238 172
203 140 146 225 112 176 113 2 211 238 93 128 169 145 70 228 76 182 3 194 68 237 231 175 118 158 34 216 24 133 31 194 46 220 110 54 212 113 229 111 18 172 254 17 211 116 34 118 132 85 240 224 58 80 44 21 115 211 84 247 236 175 36 163 244 135 237 166 85 159 156 66 178 119 197 114 117 26 146 148 165 158 3 92 72 160 48 146 33 210 35 50 246 97 233 99 47 53 114 119
222 243 224 206 184 48 94 92 223 164 158 179 136 12 21 62 5 74 27 27 142 16 118 193 116 174 18 215 126 51 205 117 50 14 47 171 62 94 232 137 59 155 255 138 155 189 116 19 93 157 192 234 93 162 166 227 115 145 240 26 156 242 72 109 102 238 184 179 108 172 250 185 128 106 38 23 94 247 223 235 15 205 48 251 68 199 3 218 217 229 143 9 209 9 155 179 99 124 228 6
133 104 154 176 254 93 52 25 230 160 142 220 174 242 167 144 12 95 78 235 96 237 169 197 126 175 247 30 231 128 76 134 92 5 70 54 87 169 127 147 92 196 42 254 163 9 26 174 20 109 188 96 18 76 49 183 148 68 128 7 132 169 188 92 89 23 108 21 131 229 147 207 125 18 205 237 41 239 176 158 204 27 250 134 209 11 74 9 156 71 76 77 31 136 183 113 120 91 113 158
202 11 175 88 26 220 140 75 78 107 70 109 61 180 37 174 209 24 77 166 176 222 230 210 239 19 243 245 72 47 173 36 77 250 197 254 152 156 107 187 247 163 107 107 254 169 207 48 27 67 198 67 127 84 207 126 6 35 217 91 238 19 110 126 252 117 251 86 240 235 225 230 219 164 98 174 191 144 254 99 138 64 248 84 203 149 120 60 195 120 9 218 35 48 242 137 160 163 46 183
175 9 95 248 6 220 36 144 194 158 45 38 81 169 87 21 237 50 201 121 218 177 80 237 49 79 238 36 210 16 234 63 118 90 195 37 214 162 92 173 92 177 74 89 113 123 11 2 206 97 159 40 216 215 184 212 121 95 140 178 128 40 116 203 250 228 101 29 255 170 106 103 246 75 181 227 198 22 240 222 111 122 70 191 153 209 121 146 110 114 229 155 237 63 66 129 4 85 139 155
139 19 225 225 17 13 73 47 122 191 25 176 97 125 4 187 77 112 129 236 153 190 12 75 177 13 126 202 112 250 245 91 82 91 10 7 188 66 203 40 15 160 72 66 76 136 15 152 250 99 241 239 22 158 131 50 52 44 8 80 49 71 211 158 5 229 223 4 31 213 125 192 216 69 247 34 234 100 145 218 251 64 32 106 21 145 68 66 54 154 112 133 74 210 75 41 39 252 146 73
114 215 16 237 254 31 84 160 13 247 171 135 125 3 151 112 89 56 185 116 73 60 128 156 212 89 117 67 144 202 5 141 132 251 41 170 254 2 189 213 148 209 240 170 1 8 20 216 187 89 197 194 83 88 177 13 253 186 222 185 107 95 79 199 184 156 100 243 42 168 201 153 247 33 104 209 91 17 8 188 166 96 186 46 15 151 178 20 135 247 138 94 184 174 62 181 131 53 78 202
163 173 192 12 67 62 140 16 55 196 25 253 27 217 226 185 139 10 230 50 197 59 107 4 202 144 81 90 239 101 106 52 227 146 31 14 149 33 77 250 17 44 161 189 45 249 120 236 43 162 100 170 160 77 235 132 73 192 186 120 26 241 174 60 55 189 150 198 161 104 13 174 59 53 46 99 5 149 45 83 163 57 245 6 22 159 233 59 47 95 99 25 181 195 132 237 64 117 11 158
46 210 36 201 218 51 2 155 221 40 164 252 1 134 154 15 183 67 181 10 205 240 230 138 8 103 202 220 112 232 148 197 149 71 93 109 104 89 18 210 9 207 118 253 159 171 5 215 169 114 20 85 198 219 149 93 235 139 84 28 18 39 129 45 199 206 120 193 178 67 7 190 104 77 48 108 51 168 155 51 165 134 63 5 147 235 240 230 78 5 102 200 65 38 81 11 71 150 166 239
91 111 191 84 245 137 208 228 66 103 248 185 246 127 99 133 252 83 179 64 49 78 59 125 238 189 184 89 171 113 17 167 213 61 78 80 60 141 78 134 38 49 236 199 255 128 163 200 163 162 71 70 170 128 1 220 221 172 160 86 159 82 83 27 237 244 119 49 91 135 14 117 143 180 248 124 53 208 146 193 251 84 204 154 101 221 218 141 167 18 166 4 224 212 122 1 192 190 181 57
9 74 110 216 126 133 212 60 160 219 59 234 76 66 150 33 158 75 221 182 186 115 26 41 196 52 139 146 62 169 181 240 11 75 191 92 202 152 106 176 221 176 154 63 49 46 45 132 41 80 22 135 84 57 129 206 48 211 253 144 172 167 217 162 62 38 68 48 31 75 216 194 31 131 34 63 152 186 77 48 105 24 127 50 137 48 19 194 31 183 186 188 38 12 57 93 146 25 182 134
120 91 241 38 167 170 53 112 71 239 228 86 90 244 13 235 196 10 61 152 159 10 163 93 151 20 154 116 140 5 65 152 171 108 189 204 81 162 47 218 83 57 24 108 11 90 37 236 64 90 161 38 86 22 10 189 194 219 125 254 194 113 6 160 220 4 118 110 137 137 220 140 42 103 191 42 155 224 162 115 141 27 19 4 120 207 182 44 60 229 147 215 226 9 151 94 135 13 10 136
81 162 126 19 137 173 102 142 193 68 82 66 146 41 27 18 210 203 227 121 110 23 67 31 171 152 126 23 122 214 29 218 60 87 201 6 133 164 76 88 201 101 119 30 4 68 117 240 66 194 64 127 22 185 164 54 113 148 55 144 215 21 132 232 117 48 105 124 6 198 100 142 15 200 200 207 114 18 147 8 58 146 239 150 197 251 6 196 27 144 50 22 149 220 75 123 183 222 119 148
197 245 87 248 133 22 238 166 59 155 27 1 195 60 138 30 98 239 106 54 39 74 211 248 127 42 49 157 213 54 8 107 85 243 128 165 50 26 9 114 21 204 100 73 246 102 26 247 164 138 132 58 35 157 243 140 178 92 39 160 179 43 32 169 150 232 112 228 47 196 169 10 134 247 122 20 133 215 31 139 155 165 193 194 53 13 221 39 34 53 214 151 202 220 54 245 193 98 233 77
43 44 85 70 109 207 32 213 48 127 11 194 39 128 188 8 19 64 83 37 148 218 151 91 166 8 58 252 226 78 227 181 102 6 137 133 248 238 200 201 79 111 198 141 125 186 73 132 137 128 136 229 163 90 249 8 233 17 140 238 216 129 139 188 56 175 49 169 175 82 30 238 76 91 173 92 39 92 108 245 121 188 163 77 63 161 192 252 73 126 3 128 215 51 64 195 138 170 48 150
231 217 124 133 40 157 13 167 4 77 222 98 85 7 67 66 40 3 226 94 141 124 228 108 101 255 21 110 91 154 92 55 79 202 243 148 116 178 169 105 194 93 16 15 39 149 246 177 245 53 136 22 20 217 114 108 222 102 209 39 60 70 255 248 102 77 73 229 88 189 59 32 106 60 160 7 136 66 193 138 146 211 148 77 77 138 217 193 242 76 115 154 82 28 216 204 1 238 118 136
15 130 234 78 84 2 102 153 43 141 157 191 189 220 150 118 189 38 66 50 165 120 168 185 90 44 153 41 72 160 39 77 231 233 89 122 173 39 107 90 81 23 118 200 135 179 86 196 254 102 195 133 206 150 212 184 31 168 105 7 183 182 60 201 196 130 153 48 120 10 109 159 213 38 42 35 215 159 78 175 62 43 108 136 151 182 144 146 4 236 223 227 32 106 202 218 158 253 179 251
9 235 93 5 161 166 16 203 234 74 45 116 187 249 61 138 130 76 39 131 126 243 141 66 166 88 27 155 253 48 33 242 9 115 98 232 181 36 110 200 76 67 86 19 204 118 171 99 224 47 24 12 26 221 244 39 67 2 42 112 3 147 209 42 119 169 84 111 39 211 3 160 94 126 223 206 91 111 159 103 91 28 23 114 242 111 10 28 194 75 168 125 97 196 41 60 164 124 67 127
156 9 251 221 90 208 20 176 98 209 120 246 108 177 140 62 187 144 184 47 196 252 123 173 221 6 254 199 54 62 110 195 83 65 254 145 72 118 241 131 116 178 6 240 227 116 147 62 186 206 95 240 63 197 58 175 86 187 29 239 164 37 77 43 25 152 37 207 135 13 173 216 54 72 13 184 228 77 252 3 201 88 78 247 121 179 179 244 183 112 67 91 191 201 136 105 211 81 248 46
75 152 172 3 96 109 72 57 105 6 202 224 214 3 205 221 142 189 229 179 133 207 38 180 166 170 127 117 122 211 122 200 25 254 9 28 191 163 226 94 57 79 181 112 226 199 23 63 114 188 9 102 214 171 234 168 207 42 65 137 26 168 31 193 203 12 146 255 53 140 1 24 117 189 168 145 133 192 89 189 231 108 2 201 214 250 46 236 4 140 149 165 82 254 206 185 144 110 203 77
54 111 180 91 18 199 196 225 103 176 181 255 6 236 112 225 67 212 125 181 226 253 245 141 85 168 101 216 107 56 235 231 203 56 137 32 214 75 92 201 70 121 194 175 186 196 163 243 113 248 94 189 91 11 15 198 236 28 178 75 178 224 91 250 19 118 123 100 93 6 247 238 245 38 10 121 198 220 32 137 197 198 197 70 179 36 67 28 117 243 124 64 144 67 59 110 187 221 124 39
22 29 83 193 91 96 11 143 62 1 32 112 188 67 33 141 6 34 169 159 221 238 121 236 131 157 94 118 13 195 112 110 69 23 221 113 239 250 55 166 136 98 15 60 100 153 205 94 191 188 9 160 42 110 86 6 93 147 73 132 93 164 50 66 1 224 186 242 193 105 245 121 100 22 142 66 97 22 159 255 161 18 225 185 115 120 51 73 70 43 185 80 27 160 15 47 54 202 194 255
243 67 158 197 96 149 113 156 104 170 222 195 65 164 228 67 99 57 164 245 182 207 155 215 71 122 197 196 162 135 129 22 59 197 2 203 97 60 194 41 197 235 69 122 8 217 118 220 60 252 178 78 126 81 18 218 245 25 142 26 91 47 181 117 97 80 226 81 32 75 190 10 216 19 2 122 52 123 50 234 80 56 90 28 191 223 117 92 209 9 145 196 71 189 84 163 70 231 116 161
169 232 84 38 147 126 184 32 214 55 228 20 9 126 138 42 239 148 80 37 22 120 234 100 34 147 3 105 217 53 99 8 92 155 42 39 253 46 129 200 85 31 17 66 224 13 40 198 218 233 95 192 20 58 45 151 250 116 33 84 35 131 204 88 110 82 151 122 177 200 102 87 104 42 107 37 233 192 138 70 159 189 23 128 177 199 92 130 180 7 186 181 186 68 68 229 104 92 43 209
95 150 230 50 159 48 221 49 197 27 254 2 174 84 157 118 102 186 243 79 135 215 149 161 208 12 206 140 166 112 36 38 72 7 246 195 217 111 6 28 173 68 197 82 206 83 78 252 65 210 222 42 254 87 168 241 165 17 229 40 89 37 119 173 67 40 252 123 78 139 182 96 237 6 145 26 156 197 182 47 224 243 126 67 122 88 159 67 144 178 249 154 133 248 77 233 61 50 85 202
5 8 244 190 100 78 13 185 4 27 26 108 251 163 169 79 173 20 218 245 122 110 234 75 2 204 4 154 52 124 204 41 93 208 121 184 136 175 210 155 201 165 238 89 218 16 167 7 158 36 109 50 97 234 17 160 124 100 170 70 58 133 168 145 135 178 52 150 222 96 114 169 2 156 224 95 218 134 183 39 170 11 31 221 214 237 180 138 117 105 135 183 119 237 159 129 9 94 196 227
133 58 114 211 152 154 205 167 235 250 9 111 128 43 108 166 130 230 22 122 65 231 18 252 166 251 93 124 187 235 129 237 44 189 73 14 75 158 73 38 148 132 66 37 163 76 4 254 156 100 101 229 8 81 119 231 150 152 128 8 77 211 244 73 22 138 226 207 173 11 152 139 108 94 251 145 235 154 201 155 115 153 73 197 71 122 151 141 41 208 28 175 63 116 219 76 27 231 33 148
37 39 55 208 33 105 194 255 131 165 86 243 106 97 221 23 78 28 9 74 215 86 56 1 101 15 40 18 168 65 213 92 108 29 212 51 243 166 153 65 235 225 244 70 245 55 47 220 193 84 146 185 171 126 79 16 234 74 128 250 188 35 76 169 146 253 82 50 56 191 116 171 118 38 36 21 159 186 191 156 27 33 177 192 195 193 80 242 204 47 61 40 236 65 189 5 249 185 71 17
89 125 188 148 76 47 26 162 8 176 135 222 164 105 24 3 84 190 158 67 220 171 108 1 95 240 220 250 87 40 127 89 82 81 80 92 231 28 59 250 221 129 110 178 2 245 40 234 34 54 146 159 64 18 207 177 210 46 203 152 56 133 119 213 180 77 127 96 152 113 166 232 105 58 211 167 164 114 125 167 138 13 245 45 239 25 221 41 148 22 36 114 120 110 227 151 38 42 143 134
131 150 169 253 131 10 138 85 214 113 98 43 250 77 136 15 59 88 63 26 11 233 241 33 75 231 42 113 221 193 58 183 30 88 73 143 26 196 87 211 180 229 216 170 118 37 126 242 65 206 83 123 171 18 180 64 183 87 102 252 171 148 171 224 180 228 188 183 48 101 117 193 46 170 21 33 21 99 253 5 120 95 42 137 3 152 225 237 23 7 229 22 237 69 135 240 103 209 111 82
218 5 18 65 8 250 1 203 129 127 162 120 169 205 137 65 51 170 223 206 26 167 171 219 154 155 96 94 167 21 2 128 195 102 208 245 91 120 183 173 248 146 249 132 243 197 107 230 236 155 140 11 192 75 238 50 186 2 192 32 191 140 199 167 42 235 71 139 147 40 10 12 80 216 10 100 71 83 126 129 251 97 182 204 98 104 26 67 107 9 37 52 200 246 200 240 94 32 255 173
241 240 125 113 237 53 199 212 233 106 35 220 184 22 164 195 42 90 76 120 220 99 127 153 51 246 190 73 199 45 248 15 138 35 202 44 204 171 32 152 117 223 111 7 21 121 13 164 149 95 215 5 85 104 53 214 194 23 155 225 223 101 163 228 69 108 221 205 124 230 113 248 214 109 46 211 147 107 155 166 119 154 194 90 172 20 158 115 142 65 130 176 52 60 230 105 223 99 215 45
31 177 142 189 207 176 219 89 78 243 114 132 245 146 73 176 207 132 10 251 129 70 75 236 103 201 29 216 233 255 142 226 107 128 191 181 117 44 42 243 111 189 36 127 12 179 217 133 192 253 182 129 91 89 129 21 47 202 20 118 72 31 9 206 45 230 191 180 49 196 254 65 183 149 57 89 136 202 149 25 19 231 92 151 176 18 100 105 213 31 142 135 51 2 4 145 67 158 188 144
65 69 244 165 250 239 173 218 141 11 212 237 113 204 35 88 231 236 232 239 56 203 66 212 182 206 241 146 32 133 218 36 182 218 217 200 161 96 242 207 145 13 161 76 23 93 39 94 61 201 53 240 200 120 217 172 53 139 118 123 203 156 177 78 119 151 45 147 39 36 108 7 94 73 59 66 213 235 250 76 191 109 165 249 142 113 242 223 96 167 105 185 95 136 76 240 187 113 166 55
27 24 242 83 146 32 20 30 19 111 163 69 209 252 74 91 162 167 32 196 194 113 89 127 11 19 168 115 146 194 47 37 161 189 208 14 161 83 82 243 70 4 154 242 171 6 102 171 50 48 231 180 56 160 6 68 18 41 60 63 219 72 228 149 115 61 72 146 81 11 209 156 126 105 76 2 217 248 114 67 1 65 196 13 240 76 99 191 75 221 108 68 78 37 153 130 92 223 141 63
188 209 160 52 91 2 26 161 186 40 153 190 99 57 163 47 240 112 154 242 33 100 22 244 241 93 210 172 60 20 198 248 208 148 1 26 145 85 217 135 130 204 186 255 68 150 103 129 18 239 137 156 146 24 6 198 166 220 202 150 133 108 146 38 81 41 233 114 107 15 83 235 55 129 234 43 161 127 230 109 128 142 191 70 179 115 129 52 27 111 236 6 66 31 128 51 84 68 134 38
196 126 70 139 181 199 114 42 141 58 234 223 187 117 3 183 169 27 62 61 215 200 221 8 142 134 19 144 196 2 181 224 142 150 97 166 173 2 74 41 172 181 51 75 24 49 74 254 49 210 105 100 178 253 242 105 151 34 196 175 97 96 9 147 206 239 75 130 160 120 164 154 185 1 113 36 191 178 195 112 24 3 160 47 92 9 179 190 164 18 1 10 186 66 200 111 29 195 156 231
104 213 101 51 131 207 76 101 173 206 80 31 65 186 119 41 212 71 223 96 140 29 40 153 185 238 110 112 167 242 226 34 47 172 161 234 107 122 219 140 179 63 3 104 164 42 245 223 240 122 104 230 58 175 14 95 150 145 41 207 174 1 159 3 116 110 167 128 103 126 176 26 116 31 38 102 76 167 22 103 92 73 115 50 46 213 122 93 97 183 92 143 134 147 71 94 139 116 117 115
129 251 77 19 232 112 182 127 215 171 199 85 146 61 218 102 252 67 43 29 123 212 157 241 154 120 194 13 156 121 192 10 87 182 37 4 222 152 99 214 122 211 109 68 100 195 43 233 206 77 205 168 156 192 183 127 228 156 113 107 35 158 239 204 154 24 164 119 244 94 19 214 248 97 95 83 249 174 167 103 221 111 9 17 78 180 42 134 247 21 34 218 236 102 30 9 18 170 170 1
34 239 220 46 177 185 104 36 203 52 195 78 124 71 244 232 239 81 167 148 248 152 27 190 160 184 155 207 24 159 7 52 172 222 15 207 17 103 71 221 165 111 172 209 140 150 29 199 178 23 149 253 159 130 149 128 178 226 236 245 153 75 129 45 177 31 41 112 27 149 48 43 170 91 60 232 7 196 1 73 29 111 17 219 186 81 189 141 111 146 73 148 152 39 211 8 160 136 223 138
230 150 201 186 207 220 135 206 120 92 21 13 11 163 101 137 169 169 183 84 119 93 156 9 43 77 45 229 64 90 156 92 30 224 48 62 95 182 209 130 254 138 67 55 169 226 25 168 225 210 21 203 60 58 5 116 123 128 174 110 39 179 250 231 2 11 239 237 116 149 22 71 81 162 229 110 252 190 223 154 236 55 97 106 8 6 215 187 72 162 110 72 66 26 204 242 226 213 15 4
3 5 2 36 180 154 77 95 89 176 38 9 230 230 152 46 115 126 157 136 98 190 246 162 210 245 151 136 169 160 3 189 80 248 246 226 134 140 63 185 234 145 10 224 1 22 172 150 111 201 143 199 175 126 71 48 236 20 18 118 208 239 184 222 244 70 138 148 182 183 114 47 46 33 221 81 129 26 3 41 63 238 31 169 171 52 80 37 120 165 42 205 103 238 142 45 93 38 135 12
200 252 19 121 120 2 169 77 190 238 116 238 122 217 112 163 98 211 248 59 177 63 127 229 144 106 214 116 77 182 106 96 212 227 193 210 237 187 39 143 40 53 206 242 12 217 216 238 246 244 155 175 42 217 104 215 2 83 90 2 216 122 228 234 135 150 147 122 10 55 196 145 188 46 81 71 179 35 230 137 158 84 134 196 197 82 235 3 135 63 83 41 234 214 221 204 159 226 16 54
27 196 38 149 19 66 51 127 6 77 88 51 36 82 251 64 188 106 199 135 128 103 240 65 190 23 237 231 241 60 179 76 195 150 33 157 83 253 30 180 232 212 34 241 228 115 176 234 156 69 109 77 223 169 86 35 102 102 226 99 101 182 237 7 121 196 192 114 187 143 172 3 151 152 107 14 83 223 208 147 68 236 255 253 172 134 155 173 200 215 62 44 247 143 35 56 9 200 196 34
27 200 114 139 163 93 16 21 244 99 121 10 233 204 88 135 128 163 75 196 158 97 55 110 55 163 171 178 14 2 158 122 215 36 115 114 237 75 158 216 100 111 189 165 20 183 4 154 11 75 227 78 244 221 181 32 74 117 212 205 252 179 116 143 105 186 42 224 175 108 220 236 79 152 35 62 160 224 195 175 16 232 218 180 45 9 89 117 229 169 220 228 155 3 34 186 95 204 3 131
116 177 65 43 118 21 36 51 190 98 139 255 102 15 149 230 125 133 113 235 86 141 121 215 131 125 182 23 216 61 94 10 154 239 120 177 49 195 47 229 117 184 133 10 120 243 112 215 238 218 133 193 253 14 210 138 37 143 243 134 11 20 19 42 214 93 97 222 233 162 164 186 26 68 140 14 196 238 56 252 222 240 207 248 79 189 132 227 65 141 81 42 190 123 104 27 47 23 15 91
157 88 94 28 91 200 50 148 96 254 178 208 126 21 188 90 209 210 158 80 111 172 121 235 82 195 30 154 1 156 201 140 94 43 35 119 184 241 59 229 111 195 22 84 212 123 109 240 34 40 38 63 153 137 74 120 52 95 226 105 121 208 142 162 209 9 51 62 7 74 160 16 174 5 142 7 185 56 184 138 239 186 19 163 126 34 86 63 107 230 221 75 157 251 139 141 179 129 191 229
238 69 142 231 235 42 58 240 90 196 168 59 254 173 208 244 175 218 102 242 145 148 39 136 195 202 164 1 79 73 238 232 235 52 101 127 12 65 44 29 185 1 248 89 168 71 65 176 20 247 242 14 81 73 203 110 153 76 241 120 136 55 92 67 79 209 187 51 4 123 236 154 44 45 158 1 214 242 54 83 230 37 171 75 235 134 78 78 28 244 63 48 85 74 148 120 61 186 88 161
224 46 118 249 92 239 60 17 11 188 122 227 182 241 115 43 184 244 162 123 159 155 13 40 189 33 154 13 174 239 56 44 63 210 56 82 198 82 45 171 88 217 72 103 101 81 96 240 30 222 50 206 76 252 13 39 97 128 228 138 239 214 141 120 210 6 21 191 187 67 126 183 231 157 81 106 41 25 189 37 27 180 91 37 29 184 168 181 115 81 93 127 160 182 59 112 227 10 229 223
226 19 115 225 244 5 184 124 140 133 138 21 190 9 237 95 224 83 250 31 55 158 225 123 54 62 90 67 75 68 243 212 181 248 127 25 78 45 150 49 237 51 120 206 46 146 175 225 60 178 211 119 135 25 69 150 120 251 57 98 250 61 254 70 127 141 205 15 89 88 120 32 128 167 238 168 164 46 90 148 38 36 54 145 83 149 205 232 132 103 86 4 242 163 187 221 99 80 186 187
14 235 93 227 74 71 135 57 109 218 25 100 105 88 218 8 155 13 180 16 202 88 103 34 203 198 79 202 214 161 217 90 247 116 186 31 38 222 19 219 104 59 144 66 39 224 173 182 119 26 40 173 16 10 85 250 47 29 214 190 35 72 239 105 55 158 246 114 193 156 146 178 140 23 210 35 80 183 205 191 143 254 76 231 234 159 188 144 221 65 222 113 100 236 245 45 127 189 111 133
159 147 62 33 225 217 234 126 47 182 142 7 161 157 181 231 201 156 237 168 41 238 109 157 142 31 27 171 152 199 243 133 23 185 254 78 6 18 85 82 93 159 247 55 1 129 111 91 108 106 238 205 248 135 247 1 101 207 64 48 96 215 201 160 209 106 117 39 168 243 3 158 202 21 70 187 147 212 118 243 103 213 245 206 72 17 234 94 130 212 251 201 67 170 40 140 79 100 114 91
143 214 90 230 59 159 104 198 82 230 63 230 162 143 114 60 38 180 164 251 210 102 22 203 200 35 59 125 96 202 253 223 148 182 51 180 197 170 130 205 75 47 45 110 219 44 4 109 52 63 120 165 26 165 14 204 7 199 163 177 45 163 82 235 35 176 92 148 213 6 236 136 33 68 156 72 34 165 126 250 171 161 46 168 107 18 148 168 169 195 117 232 47 218 93 251 60 11 148 151
171 101 49 243 137 98 218 53 218 214 235 196 85 242 128 88 50 146 144 125 241 227 184 229 180 190 68 79 246 169 147 81 217 224 146 211 78 233 42 122 190 2 9 107 145 235 30 11 42 112 27 175 178 156 105 110 96 131 91 235 121 155 2 219 72 116 129 169 205 95 65 227 88 203 196 86 210 232 170 155 229 90 1 229 85 129 248 209 169 61 173 23 3 140 123 209 49 127 39 193
121 107 74 187 11 61 197 47 159 236 62 103 73 224 196 10 83 79 74 220 217 105 123 223 99 83 19 85 166 70 222 167 215 217 98 214 9 66 228 99 148 155 99 211 144 249 156 204 64 99 182 99 143 100 53 20 126 228 77 138 137 240 185 43 130 28 28 8 219 173 172 164 94 190 152 195 70 255 241 32 188 64 136 63 62 115 4 73 80 220 163 26 20 11 121 227 166 196 254 43
95 50 223 106 193 195 82 37 205 50 98 60 2 11 2 200 171 59 64 214 226 123 3 175 206 4 150 42 136 13 133 156 196 232 241 238 21 61 119 228 219 47 191 154 92 16 215 226 241 200 250 216 89 36 76 252 26 176 60 153 123 82 27 189 143 80 13 174 67 222 99 244 122 255 15 251 170 188 47 109 127 10 244 175 230 93 213 182 170 198 203 21 107 19 36 118 153 199 12 109
202 3 227 205 6 12 138 99 99 35 166 211 152 81 166 127 213 210 230 148 6 228 87 192 85 117 118 172 14 148 2 49 64 165 189 232 177 35 32 22 139 249 206 254 81 213 184 48 129 211 63 211 138 137 39 6 202 191 91 207 109 95 49 66 72 233 167 196 129 118 113 160 192 156 169 95 20 50 11 237 93 211 14 181 100 151 55 145 115 96 19 210 141 53 20 175 159 20 77 99
79 26 211 210 50 135 177 232 161 101 49 40 235 234 121 252 25 88 182 85 135 230 78 169 148 134 86 76 20 13 77 205 199 138 209 61 37 93 81 19 139 82 240 20 199 210 154 242 254 119 137 134 213 7 52 78 129 168 216 173 10 99 58 139 110 36 40 185 111 101 234 216 55 64 196 169 29 107 253 228 194 132 72 29 64 152 220 61 35 84 177 173 119 199 157 46 151 41 73 98
255 10 208 186 223 216 218 164 173 57 38 163 226 242 189 214 61 26 216 249 158 38 167 234 103 16 112 197 235 63 218 21 211 88 75 59 20 45 24 4 205 225 135 130 51 27 232 52 85 170 42 9 108 160 183 71 248 180 34 105 233 112 53 245 255 4 24 226 54 45 17 14 101 50 11 218 218 184 126 250 40 142 69 116 215 165 148 103 95 211 150 53 226 170 232 109 44 98 228 189
251 49 17 200 115 24 15 9 86 235 230 179 102 47 22 73 131 128 160 56 97 46 37 198 123 64 180 36 22 110 88 217 241 244 150 130 135 40 99 237 116 184 188 172 214 23 250 153 225 219 117 229 89 42 152 64 174 101 16 137 139 198 138 75 116 149 213 72 199 153 205 110 215 133 80 244 83 119 68 250 188 202 95 99 183 207 48 200 200 180 36 83 114 45 6 42 182 151 179 241
108 71 8 241 248 31 37 99 200 36 185 6 48 64 96 229 253 204 32 138 107 173 79 245 192 7 76 18 63 224 204 148 193 175 189 101 162 182 114 17 59 151 149 217 172 23 172 231 194 115 14 180 13 47 161 172 130 96 208 34 231 186 237 13 43 247 19 59 117 93 36 90 62 234 133 151 245 138 171 167 51 55 150 249 245 2 226 247 217 103 124 253 224 87 154 251 154 230 26 228
100 13 218 96 253 97 44 100 37 60 123 39 13 179 71 144 67 77 12 153 249 109 43 206 170 71 9 197 154 103 221 221 181 160 105 8 55 93 31 106 40 47 108 44 162 163 164 177 232 161 73 153 41 105 45 189 156 2 165 145 71 137 218 160 134 216 87 250 60 104 232 86 188 79 3 65 219 107 165 30 41 238 254 194 68 246 198 122 97 98 13 203 83 127 130 175 69 216 97 165
241 46 8 90 247 103 120 53 51 141 181 24 159 138 193 36 60 81 47 186 118 166 20 164 129 33 58 14 54 40 118 185 211 126 110 44 68 41 184 152 183 53 179 101 184 48 217 17 147 93 21 53 48 114 62 16 172 233 91 68 112 178 58 45 111 206 2 5 92 169 102 194 12 175 242 208 54 252 198 159 227 32 22 36 178 76 73 71 192 249 51 96 222 73 5 55 102 183 30 162
209 96 210 76 232 109 59 41 46 114 186 44 87 69 199 73 122 31 163 68 191 146 129 114 66 31 98 213 111 116 16 198 8 170 137 21 150 4 198 65 9 118 25 213 47 153 50 102 212 58 110 72 61 157 252 14 172 203 17 201 211 101 153 183 182 201 70 189 245 45 196 111 5 210 125 126 63 17 209 68 228 79 1 88 226 36 79 204 134 75 133 25 113 16 114 189 236 99 122 173
121 197 88 14 179 181 180 77 111 64 22 46 33 117 231 185 109 87 147 202 11 254 231 139 58 27 67 39 136 126 201 13 39 79 154 124 248 177 193 46 187 99 99 115 210 41 94 124 173 136 220 41 73 40 147 47 180 84 43 196 192 137 13 77 28 238 148 28 17 186 216 208 178 87 18 103 153 198 217 108 10 49 175 140 164 111 152 85 250 172 188 109 155 83 82 156 5 111 70 84
7 171 227 166 249 31 238 98 231 147 255 161 249 235 6 156 86 98 58 18 57 181 252 122 118 19 216 115 38 60 163 15 61 67 128 104 73 96 185 191 4 180 44 113 10 247 76 133 231 110 239 62 180 169 230 72 129 224 149 12 214 230 146 60 233 161 2 144 236 102 38 222 7 180 108 248 93 56 99 250 56 231 101 247 64 229 232 57 66 56 49 226 1 166 239 204 21 205 108 221
68 31 93 163 98 132 131 24 166 52 161 173 125 136 123 160 71 231 227 51 143 123 137 59 163 82 136 184 156 176 249 82 66 29 250 244 86 117 231 115 48 151 78 89 61 234 196 92 71 214 175 159 23 111 46 155 82 105 34 249 179 153 25 55 113 22 143 63 121 62 197 114 85 177 168 183 83 14 9 21 83 248 22 235 216 60 100 204 179 12 241 15 220 56 106 23 107 229 31 114
