1000 100
670 880
31 474
676 685
102 198
343 352
291 419
535 985
730 859
231 233
274 431
579 581
216 460
533 987
567 915
775 845
313 319
583 909
531 990
337 356
606 905
537 965
242 448
93 202
752 771
610 902
49 467
635 637
545 957
29 479
622 624
322 390
282 288
151 153
587 600
640 642
540 962
744 856
789 826
269 440
553 555
812 818
52 462
689 696
707 710
528 1000
672 878
814 816
758 768
271 438
620 894
603 907
786 835
33 470
252 443
348 350
570 912
105 189
133 170
120 173
56 58
95 200
327 385
325 388
794 806
573 577
508 517
38 47
562 925
140 163
491 504
521 523
331 383
716 869
664 884
700 871
239 450
674 876
245 248
306 309
773 853
550 953
334 361
108 187
299 408
226 453
374 379
145 160
293 410
543 960
704 713
83 88
117 177
21 482
258 260
493 496
16 488
657 888
70 204
208 210
62 212
