1
100 102
9 1
40
11 1 0
11 2 0
11 3 0
11 4 0
10 4 0
9 4 0
8 4 0
7 4 0
6 4 0
5 4 0
4 4 0
3 4 0
2 4 0
4 5 0
5 5 0
2 6 0
50 50 2
40 40 1
1 7 0
2 7 0
3 7 0
4 7 0
5 7 0
6 7 0
8 7 0
8 8 0
7 10 0
7 11 0
8 11 0
9 9 0
9 10 0
9 11 0
12 1 0
13 1 0
14 1 0
15 1 0
16 1 0
17 1 0
18 1 0
19 1 0
62
61 22 54 15
54 15 64 9
64 9 53 23
53 23 57 19
57 19 55 10
55 10 51 32
51 32 58 11
58 11 61 10
61 10 64 27
64 27 51 32
51 32 51 16
51 16 60 7
60 7 50 14
50 14 62 17
62 17 51 5
51 5 61 11
61 11 55 22
55 22 50 9
50 9 61 27
61 27 60 7
60 7 9 1
9 1 56 29
56 29 52 8
52 8 57 27
57 27 56 31
56 31 58 10
58 10 52 11
52 11 61 23
61 23 59 27
59 27 52 24
52 24 60 29
60 29 58 26
58 26 53 19
53 19 56 6
56 6 58 33
58 33 52 19
52 19 57 32
57 32 62 24
62 24 54 33
54 33 51 10
51 10 55 17
55 17 53 21
53 21 61 20
61 20 55 14
55 14 60 25
60 25 56 26
56 26 53 13
53 13 59 28
59 28 59 9
59 9 56 25
56 25 51 31
51 31 61 33
61 33 59 14
59 14 61 18
61 18 52 33
52 33 58 17
58 17 59 16
59 16 53 10
53 10 54 23
54 23 59 5
59 5 62 31
62 31 61 22
